BAYES
400
2 2 2 2 2 2 2 2 2 2 2 2 2 2 2 2 2 2 2 2 2 2 2 2 2 2 2 2 2 2 2 2 2 2 2 2 2 2 2 2 2 2 2 2 2 2 2 2 2 2 2 2 2 2 2 2 2 2 2 2 2 2 2 2 2 2 2 2 2 2 2 2 2 2 2 2 2 2 2 2 2 2 2 2 2 2 2 2 2 2 2 2 2 2 2 2 2 2 2 2 2 2 2 2 2 2 2 2 2 2 2 2 2 2 2 2 2 2 2 2 2 2 2 2 2 2 2 2 2 2 2 2 2 2 2 2 2 2 2 2 2 2 2 2 2 2 2 2 2 2 2 2 2 2 2 2 2 2 2 2 2 2 2 2 2 2 2 2 2 2 2 2 2 2 2 2 2 2 2 2 2 2 2 2 2 2 2 2 2 2 2 2 2 2 2 2 2 2 2 2 2 2 2 2 2 2 2 2 2 2 2 2 2 2 2 2 2 2 2 2 2 2 2 2 2 2 2 2 2 2 2 2 2 2 2 2 2 2 2 2 2 2 2 2 2 2 2 2 2 2 2 2 2 2 2 2 2 2 2 2 2 2 2 2 2 2 2 2 2 2 2 2 2 2 2 2 2 2 2 2 2 2 2 2 2 2 2 2 2 2 2 2 2 2 2 2 2 2 2 2 2 2 2 2 2 2 2 2 2 2 2 2 2 2 2 2 2 2 2 2 2 2 2 2 2 2 2 2 2 2 2 2 2 2 2 2 2 2 2 2 2 2 2 2 2 2 2 2 2 2 2 2 2 2 2 2 2 2 2 2 2 2 2 2 2 2 2 2 2 2 2 2 2 2 2 2 2 2 2 2 2 2 2 2 2 2 2 2 2 2 2 2 2 2 2 2 2 2 2 2 
400
3 7 177 0 
3 0 175 1 
3 1 174 2 
3 2 192 3 
3 242 199 4 
3 4 198 5 
3 5 197 6 
3 6 196 7 
3 3 191 8 
3 8 190 9 
3 13 229 10 
3 10 228 11 
3 70 227 12 
3 12 226 13 
3 17 233 14 
3 14 232 15 
3 11 173 16 
3 16 230 17 
3 15 220 18 
3 18 219 19 
3 23 244 20 
3 20 243 21 
3 25 258 22 
3 22 257 23 
3 27 256 24 
3 24 255 25 
3 29 254 26 
3 26 253 27 
3 231 252 28 
3 28 251 29 
3 243 152 30 
2 380 31 
3 31 381 32 
3 32 382 33 
3 33 376 34 
3 34 377 35 
3 35 378 36 
3 36 379 37 
3 37 374 38 
3 38 375 39 
3 49 268 40 
3 40 267 41 
3 218 262 42 
3 42 261 43 
3 43 260 44 
3 44 259 45 
3 45 266 46 
3 46 265 47 
3 47 264 48 
3 48 263 49 
3 55 138 50 
3 50 137 51 
3 58 131 52 
3 52 130 53 
3 53 133 54 
3 54 132 55 
2 134 56 
3 56 136 57 
3 57 135 58 
2 61 59 
2 59 60 
1 61 
2 65 62 
2 62 63 
2 60 64 
2 64 65 
2 63 66 
2 66 67 
3 21 30 68 
3 77 150 69 
3 69 149 70 
2 142 71 
3 71 144 72 
3 72 143 73 
3 73 139 74 
3 74 145 75 
3 75 148 76 
3 76 147 77 
3 81 159 78 
3 78 158 79 
3 83 280 80 
3 80 151 81 
3 85 154 82 
3 82 153 83 
3 86 156 84 
3 84 155 85 
2 157 86 
3 88 11 87 
3 89 10 88 
3 90 13 89 
3 167 12 90 
3 92 15 91 
3 93 14 92 
3 94 17 93 
3 87 16 94 
3 398 9 95 
3 195 348 96 
3 98 19 97 
3 91 18 98 
3 96 347 99 
3 99 350 100 
3 100 349 101 
3 108 168 102 
3 102 167 103 
3 186 146 104 
3 169 160 105 
2 162 106 
3 110 164 107 
3 107 163 108 
3 105 356 109 
3 109 165 110 
3 9 170 111 
3 113 5 112 
3 303 4 113 
3 115 7 114 
3 112 6 115 
3 117 1 116 
3 114 0 117 
3 119 3 118 
3 116 2 119 
3 121 285 120 
3 126 284 121 
3 123 287 122 
3 120 286 123 
3 125 289 124 
3 137 288 125 
3 127 291 126 
3 124 290 127 
3 129 293 128 
3 122 292 129 
3 131 65 130 
3 135 64 131 
3 133 63 132 
3 130 62 133 
2 61 134 
3 136 60 135 
3 134 59 136 
3 138 67 137 
3 132 66 138 
3 143 82 139 
2 293 140 
3 97 385 141 
2 86 142 
3 144 85 143 
3 142 84 144 
3 139 83 145 
3 41 176 146 
3 148 81 147 
3 145 80 148 
3 150 79 149 
3 147 78 150 
3 280 55 151 
3 271 141 152 
3 154 53 153 
3 155 52 154 
3 156 58 155 
3 157 57 156 
2 56 157 
3 159 51 158 
3 151 50 159 
3 294 73 160 
3 171 329 161 
2 71 162 
3 164 77 163 
3 165 76 164 
3 356 75 165 
3 161 328 166 
3 168 70 167 
3 163 69 168 
3 106 294 169 
3 190 399 170 
3 224 333 171 
3 222 327 172 
3 228 394 173 
3 175 370 174 
3 177 373 175 
3 267 68 176 
3 196 372 177 
3 179 47 178 
3 184 46 179 
3 181 49 180 
3 178 48 181 
3 183 43 182 
3 351 42 183 
3 185 45 184 
3 182 44 185 
3 187 41 186 
3 180 40 187 
3 101 352 188 
3 188 351 189 
3 191 365 190 
3 192 364 191 
3 174 371 192 
2 344 193 
3 193 346 194 
3 194 345 195 
3 197 367 196 
3 198 366 197 
3 199 369 198 
3 335 368 199 
3 201 306 200 
3 202 305 201 
3 203 308 202 
3 204 307 203 
3 205 310 204 
3 206 309 205 
3 207 312 206 
3 208 311 207 
3 209 314 208 
3 158 313 209 
3 212 320 210 
3 210 319 211 
2 321 212 
3 216 323 213 
3 213 322 214 
3 211 325 215 
3 215 324 216 
3 214 318 217 
3 217 317 218 
3 220 389 219 
3 232 388 220 
3 166 331 221 
3 221 330 222 
2 332 223 
3 223 334 224 
3 306 281 225 
3 227 391 226 
3 149 390 227 
3 229 393 228 
3 226 392 229 
3 173 395 230 
3 172 326 231 
3 233 397 232 
3 230 396 233 
3 237 338 234 
3 234 337 235 
3 239 340 236 
3 236 339 237 
3 240 342 238 
3 238 341 239 
2 343 240 
3 235 336 241 
3 241 335 242 
3 244 271 243 
3 257 270 244 
3 248 117 245 
3 245 116 246 
3 250 115 247 
3 247 114 248 
3 375 113 249 
3 249 112 250 
3 252 277 251 
3 326 276 252 
3 254 279 253 
3 251 278 254 
3 256 273 255 
3 253 272 256 
3 258 275 257 
3 255 274 258 
3 260 27 259 
3 261 26 260 
3 262 29 261 
3 317 28 262 
3 264 23 263 
3 265 22 264 
3 266 25 265 
3 259 24 266 
3 268 21 267 
3 263 20 268 
3 389 282 269 
3 275 98 270 
3 270 97 271 
3 279 94 272 
3 272 93 273 
3 273 92 274 
3 274 91 275 
3 103 90 276 
3 276 89 277 
3 277 88 278 
3 278 87 279 
3 153 54 280 
3 128 140 281 
3 200 225 282 
3 363 118 283 
2 291 284 
2 284 285 
2 285 286 
2 286 287 
2 67 288 
2 288 289 
2 289 290 
2 290 291 
2 287 292 
2 292 293 
3 162 72 294 
3 316 387 295 
3 297 237 296 
3 301 236 297 
3 299 235 298 
3 296 234 299 
2 240 300 
3 302 239 301 
3 300 238 302 
3 304 242 303 
3 298 241 304 
3 308 129 305 
3 305 128 306 
3 310 123 307 
3 307 122 308 
3 312 121 309 
3 309 120 310 
3 314 127 311 
3 311 126 312 
3 51 125 313 
3 313 124 314 
3 283 398 315 
3 315 95 316 
3 318 231 317 
3 322 172 318 
3 320 171 319 
3 321 224 320 
2 223 321 
3 323 222 322 
3 324 221 323 
3 325 166 324 
3 319 161 325 
3 327 103 326 
3 330 102 327 
3 329 110 328 
3 333 109 329 
3 331 108 330 
3 328 107 331 
2 106 332 
3 334 105 333 
3 332 169 334 
3 336 189 335 
3 337 188 336 
3 338 101 337 
3 339 100 338 
3 340 99 339 
3 341 96 340 
3 342 195 341 
3 343 194 342 
2 193 343 
2 212 344 
3 346 211 345 
3 344 210 346 
3 348 216 347 
3 345 215 348 
3 350 214 349 
3 347 213 350 
3 352 218 351 
3 349 217 352 
3 383 247 353 
3 353 248 354 
3 39 249 355 
3 160 74 356 
3 360 363 357 
3 357 283 358 
3 354 245 359 
3 359 246 360 
3 358 315 361 
3 361 316 362 
3 246 119 363 
3 371 187 364 
3 364 186 365 
3 369 185 366 
3 366 184 367 
3 189 183 368 
3 368 182 369 
3 373 181 370 
3 370 180 371 
3 367 179 372 
3 372 178 373 
3 379 304 374 
3 374 303 375 
3 382 297 376 
3 376 296 377 
3 377 299 378 
3 378 298 379 
2 300 380 
3 380 302 381 
3 381 301 382 
3 355 250 383 
3 219 269 384 
3 19 384 385 
3 362 295 386 
3 95 111 387 
3 397 201 388 
3 388 200 389 
3 79 209 390 
3 390 208 391 
3 391 207 392 
3 392 206 393 
3 393 205 394 
3 394 204 395 
3 395 203 396 
3 396 202 397 
3 118 8 398 
3 365 104 399 

8
 0.9298245614035088 0.07017543859649124 
 0.7875647668393783 0.21243523316062174 
 0.8514492753623188 0.14855072463768115 
 0.18571428571428572 0.8142857142857143 

8
 0.0020790020790020783 0.9979209979209979 
 0.9966996699669968 0.003300330033003302 
 0.0077519379844961265 0.9922480620155039 
 0.9894736842105263 0.010526315789473682 

8
 0.5 0.5 
 0.002525252525252526 0.9974747474747475 
 0.9953703703703702 0.004629629629629628 
 0.9974619289340102 0.0025380710659898475 

8
 0.8955823293172691 0.10441767068273092 
 0.07479224376731303 0.9252077562326869 
 0.3835616438356164 0.6164383561643836 
 0.5083798882681564 0.49162011173184356 

8
 0.9866666666666666 0.013333333333333332 
 0.003039513677811549 0.9969604863221886 
 0.9888888888888888 0.011111111111111113 
 0.9980544747081711 0.0019455252918287932 

8
 0.008000000000000004 0.992 
 0.8361581920903954 0.1638418079096045 
 0.7258687258687259 0.27413127413127414 
 0.5972222222222223 0.4027777777777778 

8
 0.712041884816754 0.2879581151832461 
 0.2760416666666667 0.7239583333333333 
 0.06896551724137932 0.9310344827586208 
 0.798941798941799 0.20105820105820102 

8
 0.004149377593360996 0.995850622406639 
 0.9975308641975309 0.002469135802469135 
 0.005714285714285715 0.9942857142857142 
 0.9946524064171123 0.005347593582887699 

8
 0.038596491228070184 0.9614035087719298 
 0.24285714285714285 0.7571428571428571 
 0.9516129032258064 0.04838709677419354 
 0.07164179104477611 0.928358208955224 

8
 0.005952380952380952 0.9940476190476191 
 0.007299270072992702 0.9927007299270073 
 0.9970501474926254 0.0029498525073746317 
 0.002747252747252748 0.9972527472527474 

8
 0.2894736842105263 0.7105263157894737 
 0.24 0.76 
 0.23255813953488372 0.7674418604651163 
 0.7191011235955056 0.28089887640449435 

8
 0.32291666666666663 0.6770833333333333 
 0.06188925081433226 0.9381107491856676 
 0.8894230769230769 0.11057692307692307 
 0.12292358803986711 0.8770764119601329 

8
 0.013157894736842105 0.9868421052631579 
 0.9979550102249489 0.0020449897750511245 
 0.9951690821256038 0.004830917874396134 
 0.9957627118644069 0.004237288135593219 

8
 0.504950495049505 0.49504950495049505 
 0.24941176470588236 0.7505882352941177 
 0.5 0.5 
 0.34210526315789475 0.6578947368421053 

8
 0.5 0.5 
 0.5 0.5 
 0.5 0.5 
 0.5858283433133733 0.4141716566866267 

8
 0.891156462585034 0.10884353741496598 
 0.5 0.5 
 0.9639423076923077 0.0360576923076923 
 0.5 0.5 

8
 0.6111111111111112 0.38888888888888884 
 0.1212121212121212 0.8787878787878788 
 0.993006993006993 0.006993006993006992 
 0.10144927536231886 0.898550724637681 

8
 0.5 0.5 
 0.0016103059581320457 0.9983896940418678 
 0.5 0.5 
 0.0026109660574412524 0.9973890339425586 

8
 0.0014749262536873156 0.9985250737463126 
 0.9959839357429717 0.004016064257028112 
 0.979591836734694 0.020408163265306124 
 0.96875 0.031249999999999997 

8
 0.5 0.5 
 0.9969325153374234 0.0030674846625766876 
 0.5 0.5 
 0.0014749262536873156 0.9985250737463126 

8
 0.9982425307557117 0.0017574692442882242 
 0.010989010989010988 0.989010989010989 
 0.994535519125683 0.0054644808743169425 
 0.9939393939393939 0.006060606060606061 

8
 0.47783251231527096 0.5221674876847291 
 0.6267190569744597 0.37328094302554027 
 0.5 0.5 
 0.20879120879120877 0.7912087912087913 

8
 0.746031746031746 0.2539682539682539 
 0.6963350785340313 0.3036649214659686 
 0.9519572953736656 0.04804270462633453 
 0.0310077519379845 0.9689922480620154 

8
 0.152 0.848 
 0.9126365054602184 0.0873634945397816 
 0.08695652173913046 0.9130434782608695 
 0.2890173410404624 0.7109826589595376 

8
 0.6228571428571429 0.37714285714285717 
 0.7386363636363635 0.26136363636363635 
 0.7142857142857143 0.2857142857142857 
 0.052631578947368404 0.9473684210526315 

8
 0.003558718861209965 0.99644128113879 
 0.9968253968253967 0.003174603174603175 
 0.004878048780487806 0.9951219512195122 
 0.004830917874396134 0.9951690821256038 

8
 0.003322259136212623 0.9966777408637874 
 0.0015723270440251573 0.9984276729559748 
 0.9818181818181817 0.01818181818181818 
 0.9375 0.0625 

8
 0.41666666666666663 0.5833333333333334 
 0.8297872340425533 0.1702127659574468 
 0.6821561338289963 0.3178438661710037 
 0.7167919799498748 0.28320802005012535 

8
 0.8733705772811917 0.1266294227188082 
 0.05590062111801243 0.9440993788819877 
 0.25833333333333336 0.7416666666666667 
 0.02857142857142857 0.9714285714285715 

8
 0.2 0.8 
 0.9981378026070763 0.0018621973929236505 
 0.015151515151515155 0.9848484848484849 
 0.9975 0.002499999999999999 

8
 0.18226600985221675 0.8177339901477831 
 0.5 0.5 
 0.17391304347826084 0.8260869565217391 
 0.5 0.5 

4
 0.6096491228070176 0.39035087719298245 
 0.7883211678832116 0.2116788321167883 

8
 0.002808988764044943 0.9971910112359551 
 0.9971910112359551 0.002808988764044943 
 0.9938650306748466 0.006134969325153376 
 0.9924812030075189 0.0075187969924812035 

8
 0.944954128440367 0.05504587155963303 
 0.9815157116451017 0.018484288354898334 
 0.18604651162790695 0.8139534883720929 
 0.4571428571428572 0.5428571428571429 

8
 0.0014903129657228018 0.9985096870342771 
 0.008695652173913042 0.9913043478260869 
 0.9948453608247423 0.005154639175257733 
 0.03571428571428571 0.9642857142857143 

8
 0.5 0.5 
 0.005154639175257733 0.9948453608247423 
 0.9827586206896551 0.017241379310344827 
 0.0013262599469496014 0.9986737400530504 

8
 0.05882352941176471 0.9411764705882353 
 0.023255813953488365 0.9767441860465117 
 0.5 0.5 
 0.0010570824524312895 0.9989429175475688 

8
 0.5 0.5 
 0.5 0.5 
 0.0023094688221709002 0.997690531177829 
 0.001751313485113835 0.9982486865148862 

8
 0.5 0.5 
 0.5 0.5 
 0.997690531177829 0.0023094688221709002 
 0.001751313485113835 0.9982486865148862 

8
 0.6079545454545454 0.3920454545454546 
 0.31660231660231664 0.6833976833976834 
 0.37344398340248963 0.6265560165975104 
 0.032967032967032975 0.9670329670329669 

8
 0.9830508474576272 0.01694915254237288 
 0.997560975609756 0.002439024390243903 
 0.005649717514124291 0.9943502824858758 
 0.002762430939226519 0.9972375690607735 

8
 0.9973544973544974 0.0026455026455026445 
 0.989010989010989 0.010989010989010988 
 0.9976635514018691 0.00233644859813084 
 0.009009009009009005 0.9909909909909911 

8
 0.48994515539305306 0.5100548446069469 
 0.4833333333333333 0.5166666666666667 
 0.7743589743589743 0.22564102564102562 
 0.4931506849315069 0.5068493150684932 

8
 0.711943793911007 0.288056206088993 
 0.6311475409836065 0.3688524590163934 
 0.3293413173652695 0.6706586826347305 
 0.23199999999999998 0.7679999999999999 

8
 0.41545893719806765 0.5845410628019324 
 0.5283018867924528 0.4716981132075472 
 0.5158501440922191 0.48414985590778103 
 0.6950354609929078 0.3049645390070922 

8
 0.839572192513369 0.16042780748663102 
 0.3679245283018868 0.6320754716981133 
 0.5309734513274337 0.4690265486725663 
 0.8411552346570397 0.1588447653429603 

8
 0.6317460317460317 0.3682539682539683 
 0.7147435897435896 0.28525641025641024 
 0.25257731958762886 0.7474226804123711 
 0.37967914438502676 0.6203208556149733 

8
 0.16033755274261607 0.8396624472573838 
 0.059016393442622966 0.9409836065573771 
 0.5627906976744186 0.4372093023255814 
 0.5338645418326693 0.4661354581673307 

8
 0.376 0.624 
 0.989247311827957 0.010752688172043013 
 0.2757009345794393 0.7242990654205608 
 0.1821946169772257 0.8178053830227744 

8
 0.0892857142857143 0.9107142857142856 
 0.9135338345864662 0.08646616541353382 
 0.2123287671232877 0.7876712328767124 
 0.3822314049586777 0.6177685950413223 

8
 0.5 0.5 
 0.9924242424242425 0.007575757575757573 
 0.5 0.5 
 0.9988532110091742 0.0011467889908256884 

8
 0.0013755158184319124 0.9986244841815681 
 0.0036101083032490967 0.9963898916967509 
 0.5 0.5 
 0.5 0.5 

8
 0.9982110912343469 0.0017889087656529524 
 0.006369426751592359 0.9936305732484076 
 0.994949494949495 0.005050505050505053 
 0.010638297872340424 0.9893617021276596 

8
 0.9512195121951219 0.048780487804878064 
 0.6849315068493151 0.3150684931506849 
 0.09836065573770489 0.9016393442622951 
 0.05789473684210526 0.9421052631578947 

8
 0.38743455497382207 0.612565445026178 
 0.35714285714285715 0.642857142857143 
 0.22727272727272727 0.7727272727272727 
 0.5454545454545454 0.4545454545454546 

8
 0.0038910505836575867 0.9961089494163424 
 0.014084507042253523 0.9859154929577465 
 0.0018248175182481751 0.9981751824817519 
 0.9924242424242425 0.007575757575757573 

4
 0.9985855728429985 0.0014144271570014138 
 0.0033670033670033677 0.9966329966329968 

8
 0.003984063745019922 0.9960159362549801 
 0.002183406113537118 0.9978165938864629 
 0.9855072463768116 0.01449275362318841 
 0.00434782608695652 0.9956521739130436 

8
 0.7777777777777779 0.2222222222222222 
 0.14516129032258063 0.8548387096774194 
 0.8758064516129033 0.12419354838709676 
 0.49526813880126186 0.5047318611987381 

4
 0.9068462401795735 0.09315375982042648 
 0.3185840707964602 0.6814159292035398 

4
 0.7914691943127963 0.2085308056872038 
 0.84375 0.15625 

2
 0.888223552894212 0.1117764471057885 

4
 0.0012453300124533005 0.9987546699875467 
 0.9950248756218907 0.004975124378109451 

4
 0.004975124378109451 0.9950248756218907 
 0.9987546699875467 0.0012453300124533005 

4
 0.0012453300124533005 0.9987546699875467 
 0.9950248756218907 0.004975124378109451 

4
 0.004975124378109451 0.9950248756218907 
 0.9987546699875467 0.0012453300124533005 

4
 0.0012453300124533005 0.9987546699875467 
 0.9950248756218907 0.004975124378109451 

4
 0.9950248756218907 0.004975124378109451 
 0.0012453300124533005 0.9987546699875467 

8
 0.01020408163265306 0.9897959183673469 
 0.002298850574712643 0.9977011494252874 
 0.9878048780487805 0.012195121951219513 
 0.9974554707379134 0.0025445292620865146 

8
 0.9986206896551724 0.0013793103448275865 
 0.009803921568627453 0.9901960784313726 
 0.9888888888888888 0.011111111111111113 
 0.989010989010989 0.010989010989010988 

8
 0.998095238095238 0.0019047619047619041 
 0.0026385224274406345 0.9973614775725594 
 0.015625000000000003 0.984375 
 0.9750000000000001 0.025000000000000005 

4
 0.7101449275362319 0.2898550724637681 
 0.17959183673469392 0.8204081632653062 

8
 0.5 0.5 
 0.0017152658662092624 0.9982847341337907 
 0.5 0.5 
 0.0023752969121140144 0.997624703087886 

8
 0.5 0.5 
 0.5 0.5 
 0.0010593220338983055 0.9989406779661016 
 0.016666666666666666 0.9833333333333334 

8
 0.5 0.5 
 0.5 0.5 
 0.43333333333333335 0.5666666666666667 
 0.4057203389830508 0.5942796610169492 

8
 0.00353356890459364 0.9964664310954064 
 0.0078125 0.9921875 
 0.9974874371859296 0.002512562814070353 
 0.9949748743718594 0.005025125628140702 

8
 0.01730103806228374 0.9826989619377162 
 0.9902597402597402 0.009740259740259742 
 0.3235294117647059 0.6764705882352942 
 0.34439834024896265 0.6556016597510372 

8
 0.005586592178770947 0.9944134078212291 
 0.9962825278810409 0.003717472118959107 
 0.994818652849741 0.005181347150259066 
 0.9972752043596731 0.002724795640326976 

8
 0.5 0.5 
 0.6936936936936937 0.3063063063063063 
 0.6004228329809725 0.39957716701902746 
 0.20588235294117646 0.7941176470588235 

8
 0.9981515711645103 0.0018484288354898345 
 0.5 0.5 
 0.997840172786177 0.0021598272138228934 
 0.5 0.5 

8
 0.005405405405405407 0.9945945945945946 
 0.9978902953586498 0.00210970464135021 
 0.005050505050505053 0.994949494949495 
 0.006622516556291393 0.9933774834437087 

8
 0.7236286919831223 0.27637130801687765 
 0.5 0.5 
 0.14285714285714285 0.8571428571428571 
 0.18237082066869298 0.817629179331307 

8
 0.18556701030927836 0.8144329896907218 
 0.49122807017543857 0.5087719298245614 
 0.43571428571428567 0.5642857142857143 
 0.7317073170731707 0.2682926829268293 

8
 0.006622516556291393 0.9933774834437087 
 0.005050505050505053 0.994949494949495 
 0.9978902953586498 0.00210970464135021 
 0.9945945945945946 0.005405405405405407 

8
 0.002832861189801701 0.9971671388101983 
 0.5 0.5 
 0.0015360983102918578 0.9984639016897082 
 0.5 0.5 

8
 0.5 0.5 
 0.5 0.5 
 0.9829931972789115 0.017006802721088433 
 0.7549295774647887 0.2450704225352113 

4
 0.6094276094276094 0.39057239057239057 
 0.24328147100424327 0.7567185289957568 

8
 0.5736040609137056 0.4263959390862944 
 0.09803921568627452 0.9019607843137254 
 0.2452830188679245 0.7547169811320755 
 0.5286195286195287 0.4713804713804714 

8
 0.5653923541247485 0.43460764587525147 
 0.6351084812623274 0.36489151873767256 
 0.5 0.5 
 0.5 0.5 

8
 0.5 0.5 
 0.5 0.5 
 0.9974093264248706 0.0025906735751295325 
 0.9983818770226537 0.0016181229773462782 

8
 0.0012787723785166241 0.9987212276214834 
 0.013157894736842105 0.9868421052631579 
 0.006756756756756755 0.9932432432432432 
 0.5 0.5 

8
 0.5 0.5 
 0.5 0.5 
 0.8205405405405405 0.17945945945945946 
 0.27848101265822783 0.7215189873417722 

8
 0.0017006802721088435 0.9982993197278913 
 0.002403846153846154 0.9975961538461537 
 0.5 0.5 
 0.5 0.5 

8
 0.5 0.5 
 0.9981818181818183 0.001818181818181819 
 0.5 0.5 
 0.9977973568281938 0.002202643171806168 

8
 0.9015544041450777 0.09844559585492228 
 0.10489510489510491 0.8951048951048951 
 0.8186046511627907 0.1813953488372093 
 0.04545454545454546 0.9545454545454545 

8
 0.0029498525073746317 0.9970501474926254 
 0.0025706940874035992 0.9974293059125964 
 0.5 0.5 
 0.9964028776978416 0.003597122302158274 

8
 0.9714285714285715 0.02857142857142857 
 0.01960784313725491 0.9803921568627451 
 0.9974489795918368 0.0025510204081632655 
 0.9981132075471698 0.0018867924528301883 

8
 0.1818181818181818 0.8181818181818181 
 0.30129390018484287 0.6987060998151571 
 0.753623188405797 0.24637681159420285 
 0.6546762589928058 0.34532374100719426 

8
 0.3157894736842105 0.6842105263157895 
 0.9405405405405407 0.05945945945945945 
 0.48999999999999994 0.5099999999999999 
 0.152 0.848 

8
 0.6018867924528302 0.3981132075471699 
 0.6494117647058824 0.35058823529411764 
 0.29411764705882354 0.7058823529411765 
 0.5 0.5 

8
 0.00284090909090909 0.9971590909090908 
 0.0038610038610038602 0.9961389961389961 
 0.9957264957264956 0.004273504273504272 
 0.006134969325153376 0.9938650306748466 

8
 0.005376344086021503 0.9946236559139785 
 0.98 0.020000000000000004 
 0.0036101083032490967 0.9963898916967509 
 0.0020202020202020193 0.9979797979797979 

8
 0.7774725274725276 0.22252747252747257 
 0.7484662576687117 0.25153374233128833 
 0.3177570093457944 0.6822429906542056 
 0.3187499999999999 0.6812499999999999 

8
 0.002100840336134454 0.9978991596638654 
 0.012195121951219513 0.9878048780487805 
 0.0026178010471204177 0.9973821989528795 
 0.9852941176470588 0.014705882352941175 

8
 0.39666666666666667 0.6033333333333334 
 0.004975124378109451 0.9950248756218907 
 0.4623287671232877 0.5376712328767124 
 0.4883720930232558 0.5116279069767442 

8
 0.9962121212121213 0.0037878787878787897 
 0.0022883295194508005 0.9977116704805493 
 0.008928571428571432 0.9910714285714287 
 0.9948717948717949 0.00512820512820513 

4
 0.9964664310954064 0.00353356890459364 
 0.001386962552011096 0.9986130374479889 

8
 0.5 0.5 
 0.001680672268907564 0.9983193277310924 
 0.9975550122249389 0.0024449877750611243 
 0.5 0.5 

8
 0.12891986062717767 0.8710801393728224 
 0.08870967741935484 0.9112903225806452 
 0.7857142857142857 0.2142857142857143 
 0.8418079096045198 0.1581920903954802 

8
 0.9948717948717949 0.00512820512820513 
 0.0037878787878787897 0.9962121212121213 
 0.0022883295194508005 0.9977116704805493 
 0.008928571428571432 0.9910714285714287 

8
 0.9916666666666667 0.008333333333333337 
 0.012987012987012988 0.9870129870129871 
 0.9979035639412998 0.0020964360587002098 
 0.0029940119760479035 0.997005988023952 

8
 0.009259259259259255 0.9907407407407408 
 0.9957081545064377 0.004291845493562233 
 0.002415458937198067 0.9975845410628019 
 0.9960474308300395 0.003952569169960474 

8
 0.8444444444444446 0.15555555555555556 
 0.9401041666666666 0.05989583333333334 
 0.0735294117647059 0.9264705882352942 
 0.34854771784232363 0.6514522821576764 

8
 0.0032573289902280127 0.996742671009772 
 0.9938271604938272 0.006172839506172842 
 0.9972972972972974 0.002702702702702703 
 0.9940828402366864 0.00591715976331361 

8
 0.4817073170731707 0.5182926829268293 
 0.34375 0.65625 
 0.1495327102803738 0.8504672897196262 
 0.8194444444444444 0.18055555555555555 

8
 0.002222222222222223 0.9977777777777778 
 0.003759398496240601 0.9962406015037594 
 0.9948979591836735 0.005102040816326533 
 0.9895833333333333 0.010416666666666666 

8
 0.9952380952380954 0.004761904761904764 
 0.9965397923875432 0.003460207612456748 
 0.005319148936170211 0.9946808510638298 
 0.0031152647975077894 0.9968847352024922 

8
 0.16666666666666666 0.8333333333333334 
 0.6324786324786325 0.36752136752136755 
 0.604602510460251 0.39539748953974896 
 0.794392523364486 0.20560747663551399 

8
 0.004000000000000001 0.996 
 0.9972222222222222 0.002777777777777778 
 0.9942857142857142 0.005714285714285715 
 0.9955156950672647 0.004484304932735426 

8
 0.9965397923875432 0.003460207612456748 
 0.004761904761904764 0.9952380952380954 
 0.9968847352024922 0.0031152647975077894 
 0.005319148936170211 0.9946808510638298 

8
 0.0026246719160104982 0.9973753280839897 
 0.9861111111111112 0.013888888888888886 
 0.0022727272727272726 0.9977272727272726 
 0.008695652173913042 0.9913043478260869 

8
 0.004854368932038836 0.9951456310679612 
 0.006172839506172842 0.9938271604938272 
 0.9977827050997784 0.0022172949002217304 
 0.005291005291005289 0.9947089947089948 

8
 0.5 0.5 
 0.0029673590504451044 0.9970326409495549 
 0.9984662576687117 0.0015337423312883436 
 0.05882352941176471 0.9411764705882353 

8
 0.017543859649122806 0.9824561403508772 
 0.05882352941176471 0.9411764705882353 
 0.0016750418760469016 0.998324958123953 
 0.9970326409495549 0.0029673590504451044 

8
 0.99375 0.006250000000000003 
 0.9968553459119497 0.0031446540880503155 
 0.9939393939393939 0.006060606060606061 
 0.0027397260273972607 0.9972602739726028 

8
 0.34933774834437087 0.6506622516556292 
 0.656 0.344 
 0.5373134328358209 0.4626865671641791 
 0.9871794871794873 0.012820512820512822 

8
 0.24074074074074073 0.7592592592592593 
 0.5 0.5 
 0.5347003154574133 0.46529968454258674 
 0.04430379746835444 0.9556962025316456 

8
 0.0020661157024793393 0.9979338842975206 
 0.006369426751592359 0.9936305732484076 
 0.003215434083601286 0.9967845659163987 
 0.9821428571428572 0.017857142857142856 

8
 0.5 0.5 
 0.00284090909090909 0.9971590909090908 
 0.9984662576687117 0.0015337423312883436 
 0.5 0.5 

8
 0.5 0.5 
 0.0015337423312883436 0.9984662576687117 
 0.9971590909090908 0.00284090909090909 
 0.5 0.5 

8
 0.3549432739059968 0.6450567260940032 
 0.1928571428571428 0.807142857142857 
 0.2712765957446808 0.728723404255319 
 0.15873015873015872 0.8412698412698413 

8
 0.8055555555555556 0.19444444444444442 
 0.8420107719928186 0.15798922800718132 
 0.6259541984732824 0.3740458015267175 
 0.5967741935483871 0.4032258064516129 

8
 0.9987546699875467 0.0012453300124533005 
 0.006024096385542171 0.9939759036144578 
 0.5 0.5 
 0.02702702702702703 0.972972972972973 

8
 0.02702702702702703 0.972972972972973 
 0.9962962962962963 0.0037037037037037034 
 0.9939759036144578 0.006024096385542171 
 0.9981308411214954 0.0018691588785046728 

4
 0.7362514029180696 0.26374859708193044 
 0.4513274336283186 0.5486725663716814 

8
 0.004032258064516128 0.995967741935484 
 0.9861111111111112 0.013888888888888886 
 0.9982046678635548 0.0017953321364452424 
 0.007633587786259539 0.9923664122137404 

8
 0.35409836065573774 0.6459016393442624 
 0.3535353535353535 0.6464646464646464 
 0.07203389830508475 0.9279661016949153 
 0.8253968253968254 0.1746031746031746 

8
 0.5 0.5 
 0.5 0.5 
 0.6169154228855721 0.38308457711442784 
 0.7509339975093401 0.24906600249066 

8
 0.5 0.5 
 0.0012453300124533005 0.9987546699875467 
 0.004975124378109451 0.9950248756218907 
 0.5 0.5 

8
 0.0032573289902280127 0.996742671009772 
 0.0015649452269170577 0.998435054773083 
 0.9761904761904762 0.023809523809523805 
 0.9500000000000001 0.04999999999999999 

4
 0.9984662576687117 0.0015337423312883436 
 0.00284090909090909 0.9971590909090908 

8
 0.004926108374384236 0.9950738916256158 
 0.0043668122270742364 0.9956331877729259 
 0.9968553459119497 0.0031446540880503155 
 0.9961240310077519 0.003875968992248063 

4
 0.9008498583569404 0.09915014164305949 
 0.6774193548387096 0.3225806451612903 

8
 0.5 0.5 
 0.5 0.5 
 0.9915151515151516 0.008484848484848487 
 0.7039106145251397 0.2960893854748603 

8
 0.5 0.5 
 0.0013175230566534921 0.9986824769433466 
 0.5 0.5 
 0.004081632653061223 0.9959183673469388 

8
 0.04999999999999999 0.9500000000000001 
 0.9761904761904762 0.023809523809523805 
 0.998435054773083 0.0015649452269170577 
 0.0032573289902280127 0.996742671009772 

8
 0.7912087912087913 0.20879120879120877 
 0.5410447761194029 0.458955223880597 
 0.7567567567567568 0.24324324324324326 
 0.5 0.5 

8
 0.2654320987654321 0.7345679012345678 
 0.35016835016835013 0.6498316498316498 
 0.6789667896678967 0.3210332103321033 
 0.1474820143884892 0.8525179856115107 

8
 0.29257641921397387 0.7074235807860261 
 0.30044843049327347 0.6995515695067265 
 0.6666666666666667 0.33333333333333337 
 0.7961165048543689 0.2038834951456311 

8
 0.5707257072570726 0.4292742927429274 
 0.5 0.5 
 0.6439790575916231 0.356020942408377 
 0.5 0.5 

8
 0.005235602094240836 0.9947643979057591 
 0.994475138121547 0.0055248618784530384 
 0.9971590909090908 0.00284090909090909 
 0.9964788732394366 0.0035211267605633817 

8
 0.9814814814814815 0.018518518518518514 
 0.003039513677811549 0.9969604863221886 
 0.9874999999999999 0.0125 
 0.9981651376146788 0.0018348623853211004 

8
 0.9756097560975611 0.024390243902439025 
 0.9976744186046511 0.0023255813953488367 
 0.9981308411214954 0.0018691588785046728 
 0.5 0.5 

8
 0.9974160206718347 0.002583979328165375 
 0.9957983193277311 0.004201680672268908 
 0.004672897196261681 0.9953271028037383 
 0.00591715976331361 0.9940828402366864 

8
 0.18834080717488788 0.811659192825112 
 0.1780821917808219 0.8219178082191781 
 0.850187265917603 0.149812734082397 
 0.651685393258427 0.34831460674157305 

8
 0.36274509803921573 0.6372549019607843 
 0.1206896551724138 0.8793103448275862 
 0.5 0.5 
 0.5 0.5 

8
 0.9855072463768116 0.01449275362318841 
 0.9956521739130436 0.00434782608695652 
 0.5 0.5 
 0.9985855728429985 0.0014144271570014138 

4
 0.0014144271570014138 0.9985855728429985 
 0.9966329966329968 0.0033670033670033677 

8
 0.5 0.5 
 0.9987389659520807 0.0012610340479192943 
 0.5 0.5 
 0.9952606635071091 0.004739336492890996 

8
 0.6948148148148148 0.3051851851851851 
 0.5 0.5 
 0.9848024316109422 0.015197568389057751 
 0.5 0.5 

8
 0.5 0.5 
 0.19877049180327866 0.8012295081967213 
 0.5 0.5 
 0.5368217054263565 0.4631782945736434 

8
 0.19047619047619047 0.8095238095238095 
 0.4818181818181818 0.5181818181818182 
 0.07079646017699115 0.9292035398230089 
 0.13124108416547792 0.8687589158345221 

4
 0.10291595197255575 0.8970840480274442 
 0.5296912114014252 0.47030878859857483 

8
 0.7493036211699164 0.25069637883008355 
 0.34615384615384615 0.653846153846154 
 0.6623931623931624 0.33760683760683763 
 0.8527131782945736 0.14728682170542637 

8
 0.0032258064516129037 0.996774193548387 
 0.0034843205574912888 0.9965156794425086 
 0.9927536231884057 0.007246376811594204 
 0.9963369963369964 0.003663003663003663 

8
 0.9973262032085561 0.0026737967914438497 
 0.003875968992248063 0.9961240310077519 
 0.9955156950672647 0.004484304932735426 
 0.0065359477124183 0.9934640522875817 

8
 0.5833333333333334 0.41666666666666663 
 0.013793103448275858 0.9862068965517241 
 0.5838150289017341 0.4161849710982659 
 0.8558558558558558 0.14414414414414414 

8
 0.9974358974358976 0.0025641025641025645 
 0.9966101694915255 0.0033898305084745766 
 0.9942857142857142 0.005714285714285715 
 0.006756756756756755 0.9932432432432432 

8
 0.6435331230283912 0.35646687697160884 
 0.5616438356164384 0.4383561643835616 
 0.8555555555555556 0.14444444444444443 
 0.16129032258064516 0.8387096774193549 

8
 0.08695652173913046 0.9130434782608695 
 0.950381679389313 0.049618320610687015 
 0.6788008565310493 0.32119914346895073 
 0.51953125 0.48046875 

8
 0.10833333333333334 0.8916666666666667 
 0.46816479400749067 0.5318352059925093 
 0.6416666666666666 0.3583333333333333 
 0.7716535433070866 0.22834645669291342 

8
 0.002293577981651377 0.9977064220183487 
 0.9947916666666667 0.005208333333333332 
 0.003952569169960474 0.9960474308300395 
 0.007874015748031498 0.9921259842519685 

8
 0.052631578947368404 0.9473684210526315 
 0.883248730964467 0.11675126903553298 
 0.44785276073619634 0.5521472392638037 
 0.585635359116022 0.4143646408839779 

8
 0.9947089947089948 0.005291005291005289 
 0.9952606635071091 0.004739336492890996 
 0.9966777408637874 0.003322259136212623 
 0.0032573289902280127 0.996742671009772 

8
 0.0025380710659898475 0.9974619289340102 
 0.9953703703703702 0.004629629629629628 
 0.005813953488372096 0.994186046511628 
 0.004424778761061949 0.995575221238938 

8
 0.004149377593360996 0.995850622406639 
 0.9976958525345622 0.0023041474654377876 
 0.006369426751592359 0.9936305732484076 
 0.9943181818181818 0.00568181818181818 

8
 0.0025445292620865146 0.9974554707379134 
 0.002421307506053268 0.9975786924939466 
 0.9878048780487805 0.012195121951219513 
 0.9916666666666667 0.008333333333333337 

8
 0.35148514851485146 0.6485148514851485 
 0.9579439252336448 0.04205607476635514 
 0.6723044397463003 0.32769556025369984 
 0.680672268907563 0.319327731092437 

8
 0.9910714285714287 0.008928571428571432 
 0.002499999999999999 0.9975 
 0.005025125628140702 0.9949748743718594 
 0.0033670033670033677 0.9966329966329968 

8
 0.005780346820809247 0.9942196531791907 
 0.993006993006993 0.006993006993006992 
 0.997289972899729 0.0027100271002710036 
 0.0030959752321981417 0.9969040247678019 

8
 0.41509433962264153 0.5849056603773585 
 0.84375 0.15625 
 0.6706730769230769 0.3293269230769231 
 0.4240631163708087 0.5759368836291914 

8
 0.9879518072289156 0.012048192771084336 
 0.03225806451612904 0.9677419354838709 
 0.0033898305084745766 0.9966101694915255 
 0.0016694490818030046 0.9983305509181969 

8
 0.8524590163934426 0.14754098360655737 
 0.6990291262135924 0.30097087378640774 
 0.9782608695652175 0.021739130434782608 
 0.7194805194805195 0.28051948051948045 

8
 0.004901960784313725 0.9950980392156862 
 0.004975124378109451 0.9950248756218907 
 0.9971014492753623 0.002898550724637682 
 0.003875968992248063 0.9961240310077519 

8
 0.24999999999999994 0.7499999999999999 
 0.27142857142857135 0.7285714285714285 
 0.3398328690807799 0.6601671309192201 
 0.4093567251461988 0.5906432748538012 

8
 0.9975062344139651 0.0024937655860349135 
 0.002347417840375587 0.9976525821596244 
 0.009615384615384618 0.9903846153846154 
 0.9870129870129871 0.012987012987012988 

8
 0.723404255319149 0.2765957446808511 
 0.6933333333333335 0.3066666666666666 
 0.24941176470588236 0.7505882352941177 
 0.07894736842105263 0.9210526315789475 

8
 0.21262458471760798 0.787375415282392 
 0.9380165289256198 0.061983471074380174 
 0.8690476190476191 0.13095238095238096 
 0.3636363636363636 0.6363636363636362 

8
 0.9565217391304348 0.04347826086956522 
 0.034482758620689655 0.9655172413793103 
 0.001655629139072848 0.9983443708609271 
 0.00284090909090909 0.9971590909090908 

8
 0.052631578947368404 0.9473684210526315 
 0.8333333333333334 0.16666666666666666 
 0.9974093264248706 0.0025906735751295325 
 0.0016750418760469016 0.998324958123953 

8
 0.9966777408637874 0.003322259136212623 
 0.004310344827586205 0.9956896551724138 
 0.9951456310679612 0.004854368932038836 
 0.003717472118959107 0.9962825278810409 

8
 0.9974025974025973 0.002597402597402598 
 0.2650602409638554 0.7349397590361446 
 0.31607629427792916 0.6839237057220708 
 0.06358381502890174 0.9364161849710982 

8
 0.2166666666666667 0.7833333333333333 
 0.040816326530612235 0.9591836734693877 
 0.7210401891252954 0.27895981087470445 
 0.36239782016348776 0.6376021798365121 

4
 0.00219298245614035 0.9978070175438597 
 0.9981751824817519 0.0018248175182481751 

8
 0.0027855153203342605 0.9972144846796657 
 0.005235602094240836 0.9947643979057591 
 0.9935897435897437 0.00641025641025641 
 0.0033112582781456962 0.9966887417218544 

8
 0.9880952380952381 0.011904761904761908 
 0.013513513513513513 0.9864864864864864 
 0.0041666666666666675 0.9958333333333333 
 0.0016393442622950815 0.9983606557377048 

8
 0.9821428571428572 0.017857142857142856 
 0.994818652849741 0.005181347150259066 
 0.9940828402366864 0.00591715976331361 
 0.0016949152542372879 0.9983050847457628 

8
 0.025641025641025633 0.9743589743589742 
 0.0013888888888888887 0.9986111111111111 
 0.9888888888888888 0.011111111111111113 
 0.9937106918238994 0.006289308176100631 

8
 0.5238095238095238 0.47619047619047616 
 0.9743589743589742 0.025641025641025633 
 0.19631901840490795 0.803680981595092 
 0.9161764705882354 0.0838235294117647 

8
 0.002207505518763797 0.9977924944812362 
 0.9938650306748466 0.006134969325153376 
 0.005025125628140702 0.9949748743718594 
 0.005181347150259066 0.994818652849741 

8
 0.0018903591682419662 0.998109640831758 
 0.5 0.5 
 0.002105263157894736 0.9978947368421052 
 0.5 0.5 

8
 0.6751054852320675 0.32489451476793246 
 0.5359116022099447 0.46408839779005523 
 0.5 0.5 
 0.3495575221238938 0.6504424778761062 

8
 0.9981378026070763 0.0018621973929236505 
 0.004424778761061949 0.995575221238938 
 0.5 0.5 
 0.9958847736625513 0.00411522633744856 

8
 0.00411522633744856 0.9958847736625513 
 0.9911504424778761 0.00884955752212389 
 0.995575221238938 0.004424778761061949 
 0.9976525821596244 0.002347417840375587 

8
 0.9947368421052631 0.005263157894736843 
 0.0030487804878048773 0.9969512195121952 
 0.9939759036144578 0.006024096385542171 
 0.0030864197530864204 0.9969135802469136 

8
 0.003039513677811549 0.9969604863221886 
 0.995850622406639 0.004149377593360996 
 0.9963898916967509 0.0036101083032490967 
 0.006211180124223605 0.9937888198757763 

8
 0.6588785046728972 0.3411214953271028 
 0.23745819397993315 0.7625418060200668 
 0.4919354838709677 0.5080645161290323 
 0.8005390835579516 0.19946091644204855 

8
 0.37681159420289856 0.6231884057971014 
 0.007692307692307689 0.9923076923076923 
 0.6846652267818574 0.3153347732181425 
 0.7777777777777779 0.2222222222222222 

8
 0.5511363636363636 0.44886363636363635 
 0.5 0.5 
 0.5 0.5 
 0.07563025210084034 0.9243697478991597 

8
 0.002100840336134454 0.9978991596638654 
 0.9981060606060606 0.0018939393939393946 
 0.5 0.5 
 0.5 0.5 

8
 0.6007462686567164 0.39925373134328357 
 0.6539509536784741 0.3460490463215259 
 0.1885714285714286 0.8114285714285715 
 0.6515151515151515 0.3484848484848485 

8
 0.5205882352941176 0.4794117647058823 
 0.4663677130044843 0.5336322869955157 
 0.08695652173913046 0.9130434782608695 
 0.16744186046511625 0.8325581395348838 

4
 0.9654471544715446 0.03455284552845528 
 0.30859375 0.69140625 

8
 0.9913043478260869 0.008695652173913042 
 0.0035714285714285696 0.9964285714285716 
 0.004716981132075469 0.9952830188679246 
 0.9975062344139651 0.0024937655860349135 

8
 0.9961685823754789 0.003831417624521074 
 0.996078431372549 0.003921568627450982 
 0.9964539007092198 0.003546099290780143 
 0.004761904761904764 0.9952380952380954 

8
 0.003215434083601286 0.9967845659163987 
 0.9615384615384615 0.038461538461538464 
 0.998402555910543 0.0015974440894568694 
 0.02222222222222222 0.9777777777777777 

8
 0.11038961038961037 0.8896103896103896 
 0.4894736842105263 0.5105263157894736 
 0.5299539170506913 0.4700460829493088 
 0.9784172661870504 0.021582733812949645 

8
 0.0018691588785046728 0.9981308411214954 
 0.9961685823754789 0.003831417624521074 
 0.9952380952380954 0.004761904761904764 
 0.5 0.5 

8
 0.7462686567164178 0.25373134328358204 
 0.693069306930693 0.3069306930693069 
 0.3517587939698492 0.6482412060301508 
 0.7899408284023669 0.21005917159763313 

8
 0.5 0.5 
 0.0013793103448275865 0.9986206896551724 
 0.5 0.5 
 0.003584229390681005 0.9964157706093191 

8
 0.08612440191387559 0.9138755980861244 
 0.8893081761006288 0.11069182389937109 
 0.5 0.5 
 0.5 0.5 

8
 0.7673860911270982 0.23261390887290168 
 0.5740740740740741 0.42592592592592593 
 0.3111111111111111 0.6888888888888889 
 0.6312056737588653 0.36879432624113473 

8
 0.5151515151515151 0.48484848484848486 
 0.8061420345489443 0.19385796545105566 
 0.23880597014925373 0.7611940298507462 
 0.043613707165109025 0.956386292834891 

4
 0.9861111111111112 0.013888888888888886 
 0.001072961373390558 0.9989270386266094 

8
 0.8474576271186441 0.15254237288135597 
 0.6 0.4 
 0.49065420560747663 0.5093457943925234 
 0.8698630136986302 0.13013698630136986 

8
 0.8664772727272727 0.13352272727272727 
 0.3006134969325153 0.6993865030674846 
 0.5 0.5 
 0.5 0.5 

8
 0.0057471264367816065 0.9942528735632183 
 0.009174311926605502 0.9908256880733944 
 0.998019801980198 0.0019801980198019802 
 0.004545454545454546 0.9954545454545455 

8
 0.0367170626349892 0.9632829373650108 
 0.35714285714285715 0.642857142857143 
 0.42996742671009774 0.5700325732899023 
 0.7946428571428572 0.20535714285714285 

8
 0.7272727272727273 0.2727272727272727 
 0.2898550724637681 0.7101449275362319 
 0.9411764705882353 0.05882352941176471 
 0.28342245989304815 0.7165775401069518 

8
 0.0029673590504451044 0.9970326409495549 
 0.005882352941176468 0.9941176470588236 
 0.9918032786885246 0.008196721311475407 
 0.0026385224274406345 0.9973614775725594 

8
 0.0020491803278688534 0.9979508196721312 
 0.004739336492890996 0.9952606635071091 
 0.5 0.5 
 0.0032573289902280127 0.996742671009772 

8
 0.9224806201550388 0.07751937984496123 
 0.6739130434782609 0.32608695652173914 
 0.32167832167832167 0.6783216783216783 
 0.8714285714285714 0.12857142857142853 

8
 0.5 0.5 
 0.5 0.5 
 0.9981751824817519 0.0018248175182481751 
 0.9978070175438597 0.00219298245614035 

8
 0.5 0.5 
 0.5 0.5 
 0.0038022813688212915 0.9961977186311788 
 0.0013495276653171383 0.9986504723346827 

8
 0.7912713472485767 0.2087286527514232 
 0.010714285714285713 0.9892857142857143 
 0.7027027027027026 0.2972972972972973 
 0.41509433962264153 0.5849056603773585 

8
 0.99812734082397 0.0018726591760299634 
 0.9166666666666667 0.08333333333333331 
 0.9976303317535545 0.002369668246445498 
 0.025000000000000005 0.9750000000000001 

8
 0.7735849056603773 0.22641509433962267 
 0.5365853658536586 0.46341463414634143 
 0.09134615384615383 0.9086538461538463 
 0.7531305903398927 0.24686940966010734 

8
 0.9961832061068702 0.003816793893129769 
 0.9971014492753623 0.002898550724637682 
 0.005025125628140702 0.9949748743718594 
 0.9950495049504949 0.004950495049504949 

8
 0.8653846153846154 0.13461538461538464 
 0.7649006622516556 0.23509933774834435 
 0.5 0.5 
 0.12591240875912413 0.8740875912408759 

8
 0.99581589958159 0.004184100418410043 
 0.005076142131979696 0.9949238578680204 
 0.004464285714285715 0.9955357142857143 
 0.0028735632183908054 0.9971264367816092 

4
 0.0018248175182481751 0.9981751824817519 
 0.9978070175438597 0.00219298245614035 

8
 0.18565941101152372 0.8143405889884764 
 0.3351351351351352 0.664864864864865 
 0.2 0.8 
 0.125 0.875 

8
 0.47107438016528924 0.5289256198347108 
 0.7717391304347826 0.22826086956521738 
 0.41414141414141414 0.5858585858585859 
 0.23666666666666666 0.7633333333333334 

8
 0.0028901734104046237 0.9971098265895953 
 0.9975369458128079 0.0024630541871921174 
 0.008000000000000004 0.992 
 0.007633587786259539 0.9923664122137404 

8
 0.1 0.8999999999999999 
 0.14814814814814814 0.8518518518518519 
 0.8859527121001392 0.11404728789986093 
 0.9789473684210527 0.021052631578947368 

8
 0.060453400503778336 0.9395465994962217 
 0.8138424821002387 0.18615751789976134 
 0.6372549019607843 0.36274509803921573 
 0.0888888888888889 0.911111111111111 

8
 0.19101123595505615 0.8089887640449438 
 0.5243553008595988 0.4756446991404012 
 0.041463414634146344 0.9585365853658535 
 0.4937500000000001 0.5062500000000001 

8
 0.006097560975609755 0.9939024390243902 
 0.9959839357429717 0.004016064257028112 
 0.9921875 0.0078125 
 0.002141327623126338 0.9978586723768738 

8
 0.9119496855345912 0.08805031446540879 
 0.7247706422018348 0.27522935779816515 
 0.7499999999999999 0.24999999999999994 
 0.8583106267029974 0.1416893732970027 

8
 0.8247619047619048 0.17523809523809525 
 0.5413533834586466 0.4586466165413534 
 0.28735632183908044 0.7126436781609196 
 0.22727272727272727 0.7727272727272727 

8
 0.002141327623126338 0.9978586723768738 
 0.0078125 0.9921875 
 0.9959839357429717 0.004016064257028112 
 0.9939024390243902 0.006097560975609755 

8
 0.0025062656641604 0.9974937343358397 
 0.0026455026455026445 0.9973544973544974 
 0.9855072463768116 0.01449275362318841 
 0.006172839506172842 0.9938271604938272 

8
 0.008695652173913042 0.9913043478260869 
 0.9976689976689977 0.0023310023310023297 
 0.008620689655172412 0.9913793103448276 
 0.9971264367816092 0.0028735632183908054 

8
 0.14925373134328357 0.8507462686567163 
 0.3423423423423423 0.6576576576576577 
 0.764102564102564 0.23589743589743586 
 0.6412213740458015 0.35877862595419846 

8
 0.696969696969697 0.303030303030303 
 0.8421052631578947 0.15789473684210525 
 0.8034934497816594 0.19650655021834063 
 0.16525423728813557 0.8347457627118644 

8
 0.25384615384615383 0.7461538461538462 
 0.360655737704918 0.639344262295082 
 0.3564356435643564 0.6435643564356436 
 0.7344913151364765 0.26550868486352364 

8
 0.9964788732394366 0.0035211267605633817 
 0.003597122302158274 0.9964028776978416 
 0.9954545454545455 0.004545454545454546 
 0.004424778761061949 0.995575221238938 

8
 0.04928131416837782 0.9507186858316221 
 0.20895522388059706 0.791044776119403 
 0.3588709677419355 0.6411290322580645 
 0.5416666666666666 0.45833333333333337 

8
 0.9971181556195966 0.0028818443804034593 
 0.9928057553956834 0.007194244604316549 
 0.0031446540880503155 0.9968553459119497 
 0.9950980392156862 0.004901960784313725 

8
 0.5769944341372912 0.4230055658627087 
 0.20720720720720723 0.7927927927927929 
 0.04294478527607362 0.9570552147239263 
 0.5833333333333334 0.41666666666666663 

8
 0.9855072463768116 0.01449275362318841 
 0.9985549132947976 0.0014450867052023114 
 0.5 0.5 
 0.004081632653061223 0.9959183673469388 

8
 0.9985549132947976 0.0014450867052023114 
 0.98 0.020000000000000004 
 0.004081632653061223 0.9959183673469388 
 0.9523809523809523 0.047619047619047616 

8
 0.018518518518518514 0.9814814814814815 
 0.004716981132075469 0.9952830188679246 
 0.9979508196721312 0.0020491803278688534 
 0.9960629921259843 0.003937007874015748 

8
 0.004048582995951416 0.9959514170040485 
 0.010869565217391302 0.9891304347826088 
 0.002421307506053268 0.9975786924939466 
 0.99609375 0.00390625 

8
 0.9970326409495549 0.0029673590504451044 
 0.008695652173913042 0.9913043478260869 
 0.0023310023310023297 0.9976689976689977 
 0.007874015748031498 0.9921259842519685 

8
 0.859375 0.140625 
 0.2902208201892745 0.7097791798107256 
 0.6880000000000001 0.31200000000000006 
 0.2914438502673796 0.7085561497326203 

8
 0.004000000000000001 0.996 
 0.9938650306748466 0.006134969325153376 
 0.9971098265895953 0.0028901734104046237 
 0.004016064257028112 0.9959839357429717 

8
 0.8549618320610687 0.1450381679389313 
 0.6095238095238096 0.3904761904761905 
 0.7487562189054726 0.2512437810945274 
 0.8891891891891893 0.1108108108108108 

8
 0.73046875 0.26953125 
 0.5 0.5 
 0.06373292867981792 0.9362670713201822 
 0.06593406593406592 0.9340659340659341 

8
 0.5 0.5 
 0.5 0.5 
 0.5761772853185596 0.42382271468144045 
 0.5256609642301711 0.47433903576982894 

8
 0.9981343283582089 0.0018656716417910439 
 0.9949748743718594 0.005025125628140702 
 0.9920634920634921 0.007936507936507936 
 0.006802721088435376 0.9931972789115646 

8
 0.9969135802469136 0.0030864197530864204 
 0.0018691588785046728 0.9981308411214954 
 0.9907407407407408 0.009259259259259255 
 0.9756097560975611 0.024390243902439025 

8
 0.9965034965034965 0.0034965034965034956 
 0.004201680672268908 0.9957983193277311 
 0.003759398496240601 0.9962406015037594 
 0.9954128440366972 0.004587155963302754 

8
 0.5159362549800797 0.48406374501992033 
 0.5 0.5 
 0.199203187250996 0.8007968127490039 
 0.5 0.5 

8
 0.5 0.5 
 0.37604456824512533 0.6239554317548747 
 0.5 0.5 
 0.8186046511627907 0.1813953488372093 

8
 0.9171483622350673 0.08285163776493258 
 0.1095890410958904 0.8904109589041096 
 0.7916666666666667 0.20833333333333337 
 0.430379746835443 0.569620253164557 

8
 0.5 0.5 
 0.5588235294117647 0.4411764705882353 
 0.5 0.5 
 0.20405982905982906 0.7959401709401709 

8
 0.2969432314410481 0.703056768558952 
 0.5 0.5 
 0.5135483870967742 0.4864516129032258 
 0.5 0.5 

8
 0.9961538461538462 0.003846153846153848 
 0.004807692307692308 0.9951923076923077 
 0.002898550724637682 0.9971014492753623 
 0.00512820512820513 0.9948717948717949 

8
 0.9824561403508772 0.017543859649122806 
 0.004878048780487806 0.9951219512195122 
 0.003584229390681005 0.9964157706093191 
 0.9978586723768738 0.002141327623126338 

8
 0.004608294930875575 0.9953917050691246 
 0.0024509803921568623 0.997549019607843 
 0.9909909909909911 0.009009009009009005 
 0.9963235294117647 0.0036764705882352945 

8
 0.0015337423312883436 0.9984662576687117 
 0.5 0.5 
 0.5 0.5 
 0.9971590909090908 0.00284090909090909 

8
 0.5 0.5 
 0.5 0.5 
 0.2554890219560878 0.7445109780439121 
 0.46322067594433397 0.536779324055666 

8
 0.4749262536873156 0.5250737463126843 
 0.4 0.6 
 0.26858513189448435 0.7314148681055157 
 0.9702970297029704 0.029702970297029695 

4
 0.5291545189504373 0.4708454810495627 
 0.9182389937106918 0.08176100628930816 

4
 0.8473282442748092 0.15267175572519084 
 0.7564469914040115 0.24355300859598855 

4
 0.6141636141636142 0.38583638583638585 
 0.8054054054054054 0.19459459459459463 

4
 0.9984662576687117 0.0015337423312883436 
 0.00284090909090909 0.9971590909090908 

4
 0.004975124378109451 0.9950248756218907 
 0.9987546699875467 0.0012453300124533005 

4
 0.28019925280199254 0.7198007471980075 
 0.48756218905472637 0.5124378109452736 

4
 0.6377708978328174 0.3622291021671826 
 0.8619676945668135 0.13803230543318648 

4
 0.6166456494325346 0.3833543505674653 
 0.933649289099526 0.06635071090047392 

4
 0.0015337423312883436 0.9984662576687117 
 0.9971590909090908 0.00284090909090909 

4
 0.00284090909090909 0.9971590909090908 
 0.9984662576687117 0.0015337423312883436 

8
 0.5 0.5 
 0.07773851590106007 0.9222614840989399 
 0.5 0.5 
 0.6463245492371706 0.3536754507628294 

8
 0.8928571428571429 0.10714285714285714 
 0.7411764705882352 0.25882352941176473 
 0.6615384615384615 0.3384615384615385 
 0.6046511627906977 0.39534883720930236 

8
 0.9891304347826088 0.010869565217391302 
 0.5 0.5 
 0.0013986013986013986 0.9986013986013986 
 0.9949748743718594 0.005025125628140702 

8
 0.001941747572815533 0.9980582524271845 
 0.0029325513196480947 0.9970674486803519 
 0.9891304347826088 0.010869565217391302 
 0.016666666666666666 0.9833333333333334 

8
 0.0022779043280182236 0.9977220956719817 
 0.9677419354838709 0.03225806451612904 
 0.9981024667931688 0.001897533206831119 
 0.09090909090909094 0.9090909090909091 

8
 0.5059523809523809 0.49404761904761907 
 0.024390243902439025 0.9756097560975611 
 0.11640211640211641 0.8835978835978837 
 0.9970501474926254 0.0029498525073746317 

4
 0.00219298245614035 0.9978070175438597 
 0.9981751824817519 0.0018248175182481751 

8
 0.29999999999999993 0.7 
 0.6197183098591549 0.38028169014084506 
 0.7873303167420814 0.21266968325791857 
 0.9408000000000001 0.0592 

8
 0.9857142857142857 0.014285714285714284 
 0.0020833333333333337 0.9979166666666667 
 0.002732240437158471 0.9972677595628414 
 0.9891304347826088 0.010869565217391302 

8
 0.004608294930875575 0.9953917050691246 
 0.003105590062111802 0.9968944099378881 
 0.9946524064171123 0.005347593582887699 
 0.9964539007092198 0.003546099290780143 

8
 0.008620689655172412 0.9913793103448276 
 0.9977375565610861 0.0022624434389140274 
 0.9896907216494845 0.010309278350515465 
 0.002832861189801701 0.9971671388101983 

8
 0.008196721311475407 0.9918032786885246 
 0.002398081534772182 0.9976019184652277 
 0.004310344827586205 0.9956896551724138 
 0.9957805907172996 0.004219409282700421 

8
 0.9957805907172996 0.004219409282700421 
 0.5 0.5 
 0.9976019184652277 0.002398081534772182 
 0.9971590909090908 0.00284090909090909 

8
 0.00884955752212389 0.9911504424778761 
 0.9958847736625513 0.00411522633744856 
 0.995575221238938 0.004424778761061949 
 0.002347417840375587 0.9976525821596244 

8
 0.004219409282700421 0.9957805907172996 
 0.004310344827586205 0.9956896551724138 
 0.9976019184652277 0.002398081534772182 
 0.9918032786885246 0.008196721311475407 

8
 0.4008438818565401 0.5991561181434599 
 0.1782178217821782 0.8217821782178217 
 0.26851851851851855 0.7314814814814814 
 0.9581497797356828 0.04185022026431719 

8
 0.2857142857142857 0.7142857142857143 
 0.28717948717948716 0.7128205128205128 
 0.5849056603773585 0.41509433962264153 
 0.4326647564469914 0.5673352435530086 

8
 0.9821428571428572 0.017857142857142856 
 0.00210970464135021 0.9978902953586498 
 0.5 0.5 
 0.9978991596638654 0.002100840336134454 

8
 0.005102040816326533 0.9948979591836735 
 0.9970238095238096 0.002976190476190476 
 0.005813953488372096 0.994186046511628 
 0.0032894736842105253 0.9967105263157895 

8
 0.5 0.5 
 0.5 0.5 
 0.9978991596638654 0.002100840336134454 
 0.0018939393939393946 0.9981060606060606 

8
 0.002100840336134454 0.9978991596638654 
 0.5 0.5 
 0.9939393939393939 0.006060606060606061 
 0.9972602739726028 0.0027397260273972607 

8
 0.9974025974025973 0.002597402597402598 
 0.9903846153846154 0.009615384615384618 
 0.9970845481049562 0.002915451895043733 
 0.00568181818181818 0.9943181818181818 

8
 0.8653846153846154 0.13461538461538464 
 0.019283746556473826 0.9807162534435262 
 0.3636363636363636 0.6363636363636362 
 0.5 0.5 

8
 0.0020790020790020783 0.9979209979209979 
 0.9962121212121213 0.0037878787878787897 
 0.004608294930875575 0.9953917050691246 
 0.021739130434782608 0.9782608695652175 

8
 0.003831417624521074 0.9961685823754789 
 0.9964539007092198 0.003546099290780143 
 0.994475138121547 0.0055248618784530384 
 0.9964788732394366 0.0035211267605633817 

8
 0.696969696969697 0.303030303030303 
 0.20348837209302328 0.7965116279069767 
 0.6526315789473685 0.3473684210526316 
 0.7851063829787234 0.2148936170212766 

8
 0.41333333333333333 0.5866666666666667 
 0.30412371134020616 0.6958762886597938 
 0.6798780487804879 0.32012195121951215 
 0.19892473118279572 0.8010752688172043 

4
 0.38888888888888884 0.6111111111111112 
 0.49785407725321884 0.502145922746781 

8
 0.16822429906542055 0.8317757009345794 
 0.6590909090909092 0.34090909090909094 
 0.2639593908629442 0.7360406091370558 
 0.9616724738675959 0.038327526132404185 

8
 0.15319148936170213 0.846808510638298 
 0.7320574162679425 0.2679425837320574 
 0.29333333333333333 0.7066666666666668 
 0.3240223463687151 0.6759776536312849 

8
 0.9985228951255538 0.0014771048744460858 
 0.003846153846153848 0.9961538461538462 
 0.1 0.8999999999999999 
 0.016393442622950824 0.9836065573770493 

8
 0.99 0.01 
 0.997872340425532 0.0021276595744680847 
 0.01449275362318841 0.9855072463768116 
 0.997289972899729 0.0027100271002710036 

8
 0.1276595744680851 0.8723404255319149 
 0.5008576329331046 0.49914236706689535 
 0.391304347826087 0.6086956521739131 
 0.6676056338028169 0.3323943661971831 

8
 0.6363636363636362 0.3636363636363636 
 0.8651685393258427 0.13483146067415727 
 0.5405405405405405 0.45945945945945943 
 0.6759002770083102 0.32409972299168976 

8
 0.9916666666666667 0.008333333333333337 
 0.9870129870129871 0.012987012987012988 
 0.0020964360587002098 0.9979035639412998 
 0.0029940119760479035 0.997005988023952 

8
 0.9901960784313726 0.009803921568627453 
 0.0017035775127768314 0.9982964224872233 
 0.9894736842105263 0.010526315789473682 
 0.004464285714285715 0.9955357142857143 

8
 0.0020876826722338203 0.9979123173277662 
 0.9915254237288136 0.008474576271186439 
 0.9791666666666667 0.020833333333333336 
 0.002754820936639119 0.997245179063361 

8
 0.012987012987012988 0.9870129870129871 
 0.9916666666666667 0.008333333333333337 
 0.0029940119760479035 0.997005988023952 
 0.9979035639412998 0.0020964360587002098 

4
 0.11660777385159013 0.88339222614841 
 0.05409153952843273 0.9459084604715673 

8
 0.856060606060606 0.14393939393939398 
 0.5926773455377574 0.40732265446224264 
 0.517948717948718 0.482051282051282 
 0.9196428571428572 0.08035714285714285 

8
 0.9830508474576272 0.01694915254237288 
 0.06666666666666665 0.9333333333333333 
 0.9984423676012462 0.0015576323987538947 
 0.0034246575342465743 0.9965753424657534 

8
 0.003125000000000001 0.9968750000000001 
 0.9978768577494691 0.0021231422505307855 
 0.013888888888888886 0.9861111111111112 
 0.993103448275862 0.006896551724137932 

8
 0.5 0.5 
 0.8144654088050315 0.1855345911949685 
 0.30434782608695654 0.6956521739130435 
 0.20689655172413793 0.7931034482758621 

8
 0.07142857142857144 0.9285714285714286 
 0.9984871406959154 0.0015128593040847204 
 0.026315789473684213 0.9736842105263158 
 0.9966101694915255 0.0033898305084745766 

8
 0.40697674418604646 0.5930232558139534 
 0.7813333333333334 0.21866666666666668 
 0.14 0.86 
 0.8211586901763224 0.17884130982367757 

8
 0.8744588744588745 0.12554112554112554 
 0.4191176470588235 0.5808823529411765 
 0.3157894736842105 0.6842105263157895 
 0.31417624521072796 0.685823754789272 

8
 0.6618357487922705 0.3381642512077294 
 0.5714285714285714 0.42857142857142855 
 0.11645101663585954 0.8835489833641406 
 0.5 0.5 

8
 0.9404761904761906 0.05952380952380953 
 0.9459459459459459 0.054054054054054064 
 0.5 0.5 
 0.36910377358490565 0.6308962264150944 

8
 0.5 0.5 
 0.0018248175182481751 0.9981751824817519 
 0.9935897435897437 0.00641025641025641 
 0.0033112582781456962 0.9966887417218544 

4
 0.9981751824817519 0.0018248175182481751 
 0.00219298245614035 0.9978070175438597 

4
 0.6192733017377566 0.38072669826224326 
 0.1725067385444744 0.8274932614555255 

8
 0.020134228187919462 0.9798657718120805 
 0.6830601092896175 0.31693989071038253 
 0.2021276595744681 0.7978723404255319 
 0.10819672131147541 0.8918032786885246 

8
 0.13380281690140844 0.8661971830985915 
 0.6781609195402298 0.32183908045977017 
 0.7562724014336918 0.24372759856630824 
 0.5461254612546126 0.4538745387453874 

8
 0.008000000000000004 0.992 
 0.0033112582781456962 0.9966887417218544 
 0.9962962962962963 0.0037037037037037034 
 0.9967845659163987 0.003215434083601286 

8
 0.3296296296296296 0.6703703703703704 
 0.5740740740740741 0.42592592592592593 
 0.7198952879581151 0.2801047120418848 
 0.10596026490066224 0.8940397350993378 

8
 0.9978308026030368 0.0021691973969631246 
 0.008000000000000004 0.992 
 0.002985074626865672 0.9970149253731344 
 0.01149425287356322 0.9885057471264368 

8
 0.6436363636363637 0.3563636363636364 
 0.6535947712418301 0.34640522875816987 
 0.48962655601659755 0.5103734439834026 
 0.489247311827957 0.510752688172043 

8
 0.9975186104218362 0.002481389578163771 
 0.004464285714285715 0.9955357142857143 
 0.0037878787878787897 0.9962121212121213 
 0.008547008547008546 0.9914529914529915 

8
 0.08387096774193549 0.9161290322580644 
 0.9512987012987012 0.048701298701298704 
 0.36392405063291144 0.6360759493670887 
 0.8995633187772927 0.10043668122270744 

8
 0.9838709677419355 0.016129032258064516 
 0.0046511627906976735 0.9953488372093022 
 0.003174603174603175 0.9968253968253967 
 0.002403846153846154 0.9975961538461537 

8
 0.17391304347826084 0.8260869565217391 
 0.33333333333333337 0.6666666666666667 
 0.30519480519480524 0.6948051948051948 
 0.2471264367816092 0.7528735632183908 

8
 0.7860082304526749 0.21399176954732513 
 0.5348837209302325 0.46511627906976744 
 0.23863636363636362 0.7613636363636364 
 0.8380281690140845 0.1619718309859155 

8
 0.0065359477124183 0.9934640522875817 
 0.004484304932735426 0.9955156950672647 
 0.9961240310077519 0.003875968992248063 
 0.9973262032085561 0.0026737967914438497 

8
 0.3727272727272727 0.6272727272727272 
 0.6373056994818653 0.36269430051813467 
 0.18279569892473116 0.8172043010752688 
 0.1619718309859155 0.8380281690140845 

8
 0.006666666666666665 0.9933333333333332 
 0.9925373134328358 0.007462686567164178 
 0.9970501474926254 0.0029498525073746317 
 0.002597402597402598 0.9974025974025973 

8
 0.8503937007874015 0.1496062992125984 
 0.24848484848484848 0.7515151515151516 
 0.46302250803858525 0.5369774919614149 
 0.024691358024691364 0.9753086419753088 

8
 0.9921259842519685 0.007874015748031498 
 0.9943181818181818 0.00568181818181818 
 0.00591715976331361 0.9940828402366864 
 0.0018656716417910439 0.9981343283582089 

8
 0.9976359338061465 0.0023640661938534283 
 0.020000000000000004 0.98 
 0.9975429975429975 0.002457002457002458 
 0.9921875 0.0078125 

8
 0.22875816993464052 0.7712418300653594 
 0.8505603985056039 0.149439601494396 
 0.875 0.125 
 0.6388888888888888 0.36111111111111116 

8
 0.480225988700565 0.519774011299435 
 0.2773109243697479 0.7226890756302521 
 0.0831408775981524 0.9168591224018476 
 0.8422939068100358 0.15770609318996415 

8
 0.9965635738831616 0.0034364261168384875 
 0.996031746031746 0.003968253968253967 
 0.003937007874015748 0.9960629921259843 
 0.9952606635071091 0.004739336492890996 

8
 0.0031847133757961794 0.9968152866242039 
 0.9977168949771689 0.0022831050228310492 
 0.005347593582887699 0.9946524064171123 
 0.9855072463768116 0.01449275362318841 

8
 0.9921259842519685 0.007874015748031498 
 0.006172839506172842 0.9938271604938272 
 0.0028490028490028504 0.9971509971509971 
 0.002717391304347826 0.9972826086956522 

8
 0.40540540540540543 0.5945945945945946 
 0.03260869565217392 0.967391304347826 
 0.014336917562724016 0.9856630824372759 
 0.3383333333333334 0.6616666666666667 

8
 0.16666666666666666 0.8333333333333334 
 0.5129533678756477 0.48704663212435234 
 0.533724340175953 0.4662756598240469 
 0.9854545454545455 0.014545454545454542 

8
 0.0018518518518518515 0.9981481481481482 
 0.008928571428571432 0.9910714285714287 
 0.9965156794425086 0.0034843205574912888 
 0.01449275362318841 0.9855072463768116 

8
 0.15789473684210525 0.8421052631578947 
 0.445910290237467 0.554089709762533 
 0.2878787878787879 0.7121212121212122 
 0.6893382352941175 0.31066176470588236 

8
 0.9966329966329968 0.0033670033670033677 
 0.003717472118959107 0.9962825278810409 
 0.9959349593495934 0.004065040650406506 
 0.005102040816326533 0.9948979591836735 

8
 0.25210084033613445 0.7478991596638656 
 0.16037735849056606 0.8396226415094339 
 0.9796437659033079 0.020356234096692113 
 0.6230769230769231 0.3769230769230769 

8
 0.16326530612244897 0.8367346938775511 
 0.5511265164644714 0.4488734835355286 
 0.375 0.625 
 0.1829652996845426 0.8170347003154574 

8
 0.989247311827957 0.010752688172043013 
 0.9970760233918129 0.0029239766081871356 
 0.0022421524663677125 0.9977578475336322 
 0.007874015748031498 0.9921259842519685 

8
 0.4619883040935673 0.5380116959064327 
 0.19354838709677422 0.8064516129032258 
 0.2992125984251969 0.7007874015748031 
 0.9955156950672647 0.004484304932735426 

8
 0.6195652173913043 0.3804347826086956 
 0.8166666666666667 0.18333333333333332 
 0.5 0.5 
 0.8875878220140515 0.11241217798594846 

8
 0.004291845493562233 0.9957081545064377 
 0.0015822784810126578 0.9984177215189873 
 0.9827586206896551 0.017241379310344827 
 0.011764705882352944 0.9882352941176471 

8
 0.9411764705882353 0.05882352941176471 
 0.023255813953488365 0.9767441860465117 
 0.002207505518763797 0.9977924944812362 
 0.0020202020202020193 0.9979797979797979 

8
 0.5 0.5 
 0.05882352941176471 0.9411764705882353 
 0.0017985611510791368 0.9982014388489209 
 0.997690531177829 0.0023094688221709002 

4
 0.0018248175182481751 0.9981751824817519 
 0.9978070175438597 0.00219298245614035 

8
 0.2065217391304348 0.7934782608695653 
 0.7213114754098361 0.2786885245901639 
 0.12857142857142853 0.8714285714285714 
 0.4729166666666666 0.5270833333333332 

8
 0.002207505518763797 0.9977924944812362 
 0.9848484848484849 0.015151515151515155 
 0.002481389578163771 0.9975186104218362 
 0.9883720930232559 0.011627906976744188 

8
 0.0032573289902280127 0.996742671009772 
 0.9963636363636365 0.0036363636363636346 
 0.00943396226415094 0.9905660377358491 
 0.003125000000000001 0.9968750000000001 

8
 0.5 0.5 
 0.5 0.5 
 0.738095238095238 0.26190476190476186 
 0.9694323144104804 0.030567685589519646 

8
 0.021739130434782608 0.9782608695652175 
 0.6730769230769231 0.3269230769230769 
 0.8359511343804538 0.16404886561954624 
 0.009345794392523362 0.9906542056074767 

8
 0.8315789473684211 0.16842105263157892 
 0.7678571428571428 0.2321428571428571 
 0.15517241379310348 0.8448275862068966 
 0.8354430379746836 0.16455696202531644 

8
 0.9931972789115646 0.006802721088435376 
 0.0075187969924812035 0.9924812030075189 
 0.0029498525073746317 0.9970501474926254 
 0.0025706940874035992 0.9974293059125964 

8
 0.40996168582375486 0.5900383141762452 
 0.09688581314878894 0.903114186851211 
 0.0037037037037037034 0.9962962962962963 
 0.39893617021276595 0.601063829787234 

8
 0.5 0.5 
 0.004784688995215308 0.9952153110047847 
 0.5 0.5 
 0.001257861635220125 0.99874213836478 

8
 0.6553030303030303 0.3446969696969697 
 0.8865546218487395 0.11344537815126052 
 0.5 0.5 
 0.5 0.5 

8
 0.004329004329004327 0.9956709956709957 
 0.9981447124304268 0.0018552875695732837 
 0.01020408163265306 0.9897959183673469 
 0.9928571428571429 0.00714285714285714 

8
 0.820618556701031 0.1793814432989691 
 0.27835051546391754 0.7216494845360826 
 0.2142857142857143 0.7857142857142857 
 0.003322259136212623 0.9966777408637874 

8
 0.9947089947089948 0.005291005291005289 
 0.0037037037037037034 0.9962962962962963 
 0.0026246719160104982 0.9973753280839897 
 0.005952380952380952 0.9940476190476191 

8
 0.01020408163265306 0.9897959183673469 
 0.989247311827957 0.010752688172043013 
 0.0023809523809523816 0.9976190476190476 
 0.9974811083123425 0.00251889168765743 

8
 0.9939759036144578 0.006024096385542171 
 0.9969135802469136 0.0030864197530864204 
 0.005263157894736843 0.9947368421052631 
 0.0030487804878048773 0.9969512195121952 

8
 0.16976127320954906 0.830238726790451 
 0.584070796460177 0.415929203539823 
 0.15803108808290156 0.8419689119170983 
 0.5606060606060606 0.43939393939393945 

8
 0.12831858407079644 0.8716814159292035 
 0.8974358974358974 0.10256410256410256 
 0.6010830324909747 0.3989169675090253 
 0.8095238095238095 0.19047619047619047 

8
 0.003597122302158274 0.9964028776978416 
 0.997907949790795 0.0020920502092050216 
 0.9629629629629629 0.037037037037037035 
 0.9955555555555554 0.004444444444444442 

8
 0.9958333333333333 0.0041666666666666675 
 0.0037453183520599234 0.9962546816479402 
 0.9916666666666667 0.008333333333333337 
 0.0026246719160104982 0.9973753280839897 

