BAYES
400
2 2 2 2 2 2 2 2 2 2 2 2 2 2 2 2 2 2 2 2 2 2 2 2 2 2 2 2 2 2 2 2 2 2 2 2 2 2 2 2 2 2 2 2 2 2 2 2 2 2 2 2 2 2 2 2 2 2 2 2 2 2 2 2 2 2 2 2 2 2 2 2 2 2 2 2 2 2 2 2 2 2 2 2 2 2 2 2 2 2 2 2 2 2 2 2 2 2 2 2 2 2 2 2 2 2 2 2 2 2 2 2 2 2 2 2 2 2 2 2 2 2 2 2 2 2 2 2 2 2 2 2 2 2 2 2 2 2 2 2 2 2 2 2 2 2 2 2 2 2 2 2 2 2 2 2 2 2 2 2 2 2 2 2 2 2 2 2 2 2 2 2 2 2 2 2 2 2 2 2 2 2 2 2 2 2 2 2 2 2 2 2 2 2 2 2 2 2 2 2 2 2 2 2 2 2 2 2 2 2 2 2 2 2 2 2 2 2 2 2 2 2 2 2 2 2 2 2 2 2 2 2 2 2 2 2 2 2 2 2 2 2 2 2 2 2 2 2 2 2 2 2 2 2 2 2 2 2 2 2 2 2 2 2 2 2 2 2 2 2 2 2 2 2 2 2 2 2 2 2 2 2 2 2 2 2 2 2 2 2 2 2 2 2 2 2 2 2 2 2 2 2 2 2 2 2 2 2 2 2 2 2 2 2 2 2 2 2 2 2 2 2 2 2 2 2 2 2 2 2 2 2 2 2 2 2 2 2 2 2 2 2 2 2 2 2 2 2 2 2 2 2 2 2 2 2 2 2 2 2 2 2 2 2 2 2 2 2 2 2 2 2 2 2 2 2 2 2 2 2 2 2 2 2 2 2 2 2 2 2 2 2 2 2 2 2 2 2 2 2 
400
1 111 
2 111 170 
2 111 186 
2 186 190 
2 186 365 
2 186 9 
2 186 187 
2 187 364 
2 364 180 
2 180 371 
2 9 8 
2 8 95 
2 95 398 
2 95 315 
2 95 387 
2 95 316 
2 111 104 
2 104 399 
2 95 3 
2 3 118 
2 3 192 
2 192 191 
2 118 283 
2 283 358 
2 118 1 
2 1 2 
2 1 119 
2 1 175 
2 1 373 
2 1 363 
2 1 174 
2 174 370 
2 316 362 
2 362 386 
2 1 372 
2 372 367 
2 367 7 
2 7 196 
2 7 197 
2 197 198 
2 197 369 
2 369 368 
2 368 199 
2 369 366 
2 199 183 
2 183 42 
2 183 351 
2 351 189 
2 189 335 
2 351 352 
2 352 217 
2 217 318 
2 318 172 
2 351 218 
2 318 322 
2 322 222 
2 222 221 
2 322 214 
2 217 213 
2 7 114 
2 42 43 
2 172 327 
2 214 349 
2 349 350 
2 350 100 
2 100 99 
2 100 338 
2 338 234 
2 234 299 
2 299 298 
2 298 38 
2 38 374 
2 38 379 
2 298 303 
2 303 304 
2 303 113 
2 113 112 
2 112 115 
2 298 375 
2 375 249 
2 249 250 
2 249 383 
2 383 355 
2 113 4 
2 4 242 
2 4 5 
2 249 247 
2 114 116 
2 116 117 
2 116 245 
2 116 246 
2 245 359 
2 359 360 
2 383 39 
2 375 241 
2 172 262 
2 262 317 
2 262 260 
2 260 261 
2 262 231 
2 231 28 
2 28 252 
2 252 276 
2 213 216 
2 216 215 
2 215 211 
2 216 324 
2 324 166 
2 324 161 
2 211 210 
2 215 347 
2 347 348 
2 161 325 
2 366 185 
2 185 44 
2 211 345 
2 345 346 
2 346 193 
2 193 240 
2 193 300 
2 193 343 
2 193 344 
2 193 380 
2 193 238 
2 238 239 
2 239 341 
2 341 340 
2 239 194 
2 194 342 
2 194 195 
2 193 212 
2 212 321 
2 340 339 
2 339 237 
2 237 296 
2 237 236 
2 296 301 
2 301 382 
2 301 297 
2 195 96 
2 221 323 
2 359 357 
2 252 26 
2 26 29 
2 26 251 
2 262 326 
2 4 6 
2 359 354 
2 372 179 
2 179 46 
2 46 47 
2 47 48 
2 47 178 
2 178 181 
2 46 45 
2 48 40 
2 40 49 
2 40 263 
2 263 23 
2 263 268 
2 263 22 
2 23 257 
2 257 244 
2 22 258 
2 258 255 
2 255 25 
2 25 24 
2 258 274 
2 274 273 
2 244 243 
2 243 271 
2 271 97 
2 97 141 
2 271 98 
2 98 270 
2 270 275 
2 275 91 
2 25 265 
2 265 264 
2 244 20 
2 255 256 
2 256 272 
2 98 18 
2 18 19 
2 18 220 
2 220 388 
2 18 385 
2 24 27 
2 18 15 
2 7 0 
2 0 177 
2 296 35 
2 35 377 
2 35 376 
2 315 361 
2 383 353 
2 24 266 
2 104 146 
2 43 182 
2 40 41 
2 41 176 
2 176 267 
2 238 381 
2 381 32 
2 32 33 
2 33 34 
2 32 31 
2 381 302 
2 325 319 
2 319 320 
2 320 224 
2 224 171 
2 171 333 
2 333 160 
2 160 356 
2 160 105 
2 105 109 
2 109 328 
2 109 329 
2 109 169 
2 169 334 
2 160 294 
2 294 106 
2 106 162 
2 106 71 
2 71 142 
2 266 259 
2 178 184 
2 385 384 
2 384 269 
2 142 86 
2 86 56 
2 56 134 
2 56 157 
2 56 57 
2 57 136 
2 136 135 
2 135 58 
2 57 59 
2 59 61 
2 135 60 
2 60 62 
2 60 63 
2 60 64 
2 60 65 
2 60 66 
2 60 67 
2 60 132 
2 60 288 
2 60 55 
2 135 52 
2 52 131 
2 52 53 
2 53 130 
2 58 155 
2 155 153 
2 153 154 
2 153 280 
2 153 151 
2 153 80 
2 80 82 
2 82 83 
2 82 145 
2 80 81 
2 145 148 
2 148 76 
2 76 77 
2 77 147 
2 147 150 
2 150 69 
2 150 78 
2 151 159 
2 155 85 
2 85 139 
2 139 143 
2 76 74 
2 74 75 
2 74 107 
2 74 110 
2 74 164 
2 74 165 
2 74 331 
2 74 108 
2 108 102 
2 55 54 
2 60 125 
2 125 209 
2 125 313 
2 125 314 
2 125 311 
2 125 124 
2 311 312 
2 125 208 
2 208 391 
2 208 226 
2 208 392 
2 392 207 
2 226 227 
2 312 126 
2 126 121 
2 121 284 
2 121 291 
2 126 309 
2 392 393 
2 124 289 
2 393 228 
2 228 11 
2 228 173 
2 173 16 
2 16 94 
2 173 205 
2 205 394 
2 205 395 
2 227 229 
2 227 149 
2 149 70 
2 393 206 
2 227 390 
2 70 167 
2 167 168 
2 167 103 
2 227 12 
2 11 10 
2 10 13 
2 291 290 
2 290 127 
2 121 120 
2 120 285 
2 125 137 
2 285 123 
2 123 122 
2 122 128 
2 122 129 
2 122 140 
2 122 281 
2 122 286 
2 122 287 
2 122 292 
2 122 293 
2 123 202 
2 122 225 
2 202 307 
2 307 308 
2 307 203 
2 203 305 
2 203 204 
2 204 310 
2 203 396 
2 396 397 
2 225 282 
2 202 201 
2 214 101 
2 101 337 
2 101 235 
2 108 330 
2 26 277 
2 277 278 
2 278 254 
2 278 88 
2 254 253 
2 278 279 
2 279 87 
2 60 133 
2 20 21 
2 21 68 
2 35 378 
2 168 163 
2 101 336 
2 386 295 
2 101 188 
2 15 14 
2 245 248 
2 224 223 
2 223 332 
2 385 30 
2 188 17 
2 17 36 
2 17 37 
2 17 50 
2 17 51 
2 17 72 
2 17 73 
2 17 79 
2 17 84 
2 17 89 
2 17 90 
2 17 92 
2 17 93 
2 17 138 
2 17 144 
2 17 152 
2 17 156 
2 17 158 
2 17 200 
2 17 219 
2 17 230 
2 17 232 
2 17 233 
2 17 306 
2 17 389 

2
 0.49910017996400685 0.5008998200359929 

4
 2.0028039254956943E-4 0.9997997196074505 
 0.9998004390341251 1.9956096587507496E-4 

4
 0.2713799319046665 0.7286200680953334 
 0.7114348433446418 0.2885651566553582 

4
 2.032520325203253E-4 0.9997967479674797 
 0.9998033044846578 1.966955153422502E-4 

4
 2.032520325203253E-4 0.9997967479674797 
 0.9998033044846578 1.966955153422502E-4 

4
 2.032520325203253E-4 0.9997967479674797 
 0.6748623131392604 0.3251376868607396 

4
 0.7560975609756097 0.24390243902439027 
 0.2928796223446105 0.7071203776553894 

4
 0.5513534267613746 0.44864657323862545 
 0.9997914494264859 2.0855057351407719E-4 

4
 0.7170623532481086 0.2829376467518915 
 4.2771599657827184E-4 0.9995722840034218 

4
 0.9998181156784285 1.8188432157148062E-4 
 2.219263204616068E-4 0.9997780736795383 

4
 2.9137529137529143E-4 0.9997086247086248 
 0.47215459525258674 0.5278454047474133 

4
 0.9246134020618556 0.07538659793814431 
 1.4492753623188408E-4 0.999855072463768 

4
 3.483106931382792E-4 0.9996516893068617 
 0.9998598065330156 1.4019346698443847E-4 

4
 0.33019853709508884 0.6698014629049112 
 0.9998598065330156 1.4019346698443847E-4 

4
 0.5019157088122606 0.4980842911877394 
 1.4019346698443847E-4 0.9998598065330156 

4
 0.5266457680250783 0.47335423197492166 
 0.01682321603813262 0.9831767839618673 

4
 0.5515722010815142 0.44842779891848583 
 0.17182199161843942 0.8281780083815606 

4
 0.9997233748271092 2.76625172890733E-4 
 1.5651901706057283E-4 0.9998434809829395 

4
 0.09717868338557992 0.9028213166144201 
 0.5567082573952054 0.4432917426047946 

4
 0.4183529411764706 0.5816470588235294 
 0.999826207855405 1.737921445950644E-4 

4
 0.703764705882353 0.29623529411764704 
 0.27771984706291275 0.7222801529370872 

4
 0.8914796251906734 0.10852037480932665 
 0.24764542936288086 0.7523545706371192 

4
 0.32996945956712254 0.6700305404328775 
 0.8511928831378892 0.1488071168621108 

4
 0.7172113289760349 0.2827886710239651 
 0.27373476172885114 0.7262652382711489 

4
 0.49090426238215384 0.5090957376178463 
 4.0436716538617046E-4 0.9995956328346138 

4
 2.704164413196323E-4 0.9997295835586804 
 0.9998414208690136 1.5857913098636214E-4 

4
 2.704164413196323E-4 0.9997295835586804 
 0.9998414208690136 1.5857913098636214E-4 

4
 2.704164413196323E-4 0.9997295835586804 
 0.9998414208690136 1.5857913098636214E-4 

4
 0.9997295835586804 2.704164413196323E-4 
 1.5857913098636214E-4 0.9998414208690136 

4
 0.673607355327204 0.3263926446727961 
 0.22105930859498893 0.7789406914050111 

4
 2.704164413196323E-4 0.9997295835586804 
 0.3604503647320013 0.6395496352679988 

4
 4.397537379067722E-4 0.9995602462620933 
 0.7165588615782664 0.28344113842173346 

4
 0.357843137254902 0.6421568627450981 
 0.8552317247969423 0.14476827520305782 

4
 0.8020402892561984 0.19795971074380161 
 0.33849557522123896 0.661504424778761 

4
 0.8631692806922661 0.13683071930773394 
 0.5764351411354266 0.4235648588645734 

4
 0.06899077193496413 0.9310092280650359 
 0.5564998426188228 0.4435001573811772 

4
 4.4662795891022765E-4 0.9995533720410898 
 0.7712813908564069 0.22871860914359304 

4
 1.6694490818030047E-4 0.9998330550918196 
 0.9997508719481815 2.491280518186348E-4 

4
 1.6694490818030047E-4 0.9998330550918196 
 0.5570503238664674 0.44294967613353264 

4
 4.470272686633883E-4 0.9995529727313365 
 0.9998712501609373 1.2874983906270115E-4 

4
 0.7983907018328118 0.2016092981671882 
 0.15359855800180247 0.8464014419981974 

4
 3.356831151393085E-4 0.9996643168848607 
 0.9269750889679715 0.07302491103202846 

4
 1.5353907569476435E-4 0.9998464609243052 
 0.4823832712689774 0.5176167287310227 

4
 0.47499160792212153 0.5250083920778785 
 1.4234875444839865E-4 0.9998576512455516 

4
 0.9845697329376853 0.015430267062314538 
 0.24101454501742997 0.7589854549825699 

4
 0.9997270742358079 2.729257641921396E-4 
 0.28533123028391166 0.7146687697160883 

4
 2.729257641921396E-4 0.9997270742358079 
 0.5965299684542587 0.40347003154574135 

4
 0.9796457837694951 0.020354216230504887 
 0.006912072014145637 0.9930879279858544 

4
 2.6673779674579886E-4 0.9997332622032542 
 0.9998401278976817 1.5987210231814541E-4 

4
 0.999735659529474 2.643404705260374E-4 
 0.3684295129400418 0.6315704870599582 

4
 0.1967402041488311 0.8032597958511689 
 0.9122137404580154 0.08778625954198473 

4
 0.4349372384937239 0.5650627615062762 
 0.9998085758039815 1.9142419601837668E-4 

4
 0.24691865242399344 0.7530813475760066 
 0.9996299037749815 3.7009622501850496E-4 

4
 0.999735659529474 2.643404705260374E-4 
 0.42469056421797136 0.5753094357820285 

4
 0.3688030676526979 0.6311969323473021 
 0.9996299037749815 3.7009622501850496E-4 

4
 0.1926214312198739 0.807378568780126 
 0.8236442516268981 0.17635574837310194 

4
 0.9414805624483044 0.05851943755169561 
 0.24748452012383898 0.752515479876161 

4
 0.99981460882462 1.8539117538005182E-4 
 0.5490238611713666 0.4509761388286334 

4
 0.26359832635983266 0.7364016736401674 
 0.729134762633997 0.2708652373660031 

4
 0.2330550918196995 0.7669449081803005 
 0.6748878923766816 0.3251121076233184 

4
 0.7149122807017544 0.2850877192982456 
 0.2822153574580759 0.7177846425419241 

4
 0.38410301953818826 0.6158969804618117 
 0.8092727272727274 0.19072727272727275 

4
 0.5925037859666835 0.4074962140333165 
 4.807692307692308E-4 0.9995192307692308 

4
 0.9997870528109029 2.1294718909710384E-4 
 0.21119065561416728 0.7888093443858327 

4
 0.3784387895460798 0.6215612104539202 
 2.3877745940783187E-4 0.9997612225405922 

4
 4.5413260672116235E-4 0.9995458673932788 
 0.8027428864393745 0.19725711356062545 

4
 0.22661217075386011 0.77338782924614 
 0.8213278646500898 0.17867213534991028 

4
 0.7760243231504271 0.22397567684957292 
 0.06942202131094609 0.9305779786890539 

4
 0.2265470852017937 0.7734529147982062 
 0.7263490629939038 0.27365093700609616 

4
 0.05334821428571429 0.9466517857142858 
 0.9884141926140478 0.011585807385952208 

4
 1.7546938059308657E-4 0.9998245306194069 
 0.9540069686411149 0.04599303135888501 

4
 0.9997565725413827 2.4342745861733215E-4 
 1.6960651289009497E-4 0.9998303934871099 

4
 0.9997565725413827 2.4342745861733215E-4 
 1.6960651289009497E-4 0.9998303934871099 

4
 0.19529742060010527 0.8047025793998948 
 0.8092915214866434 0.19070847851335654 

4
 2.1753317380900596E-4 0.999782466826191 
 0.9998150545589052 1.849454410948771E-4 

4
 0.3441374809658473 0.6558625190341527 
 0.9998150545589052 1.849454410948771E-4 

4
 0.8879507727532914 0.11204922724670864 
 0.30371352785145894 0.6962864721485411 

4
 1.4042971492767866E-4 0.9998595702850723 
 0.9996531390912246 3.4686090877558093E-4 

4
 0.8597999649061239 0.14020003509387613 
 0.3851335656213705 0.6148664343786295 

4
 0.7564806343397378 0.24351936566026228 
 0.27684271619268713 0.7231572838073128 

4
 1.6906170752324602E-4 0.9998309382924768 
 0.999755441428222 2.4455857177794094E-4 

4
 0.4539306846999155 0.5460693153000845 
 2.4455857177794094E-4 0.999755441428222 

4
 0.9996276991809383 3.723008190618018E-4 
 0.4255261000273299 0.5744738999726702 

4
 0.5176016027475673 0.4823983972524328 
 0.9996684350132625 3.315649867374006E-4 

4
 0.10765983112183355 0.8923401688781665 
 0.9997034400948992 2.9655990510083055E-4 

4
 0.22044632086851623 0.7795536791314837 
 0.6568801897983393 0.3431198102016607 

4
 0.21707523245984783 0.7829247675401522 
 0.6089508437270726 0.39104915627292736 

4
 0.27576126674786844 0.7242387332521315 
 0.6601118833700627 0.33988811662993723 

4
 0.9998010346199762 1.9896538002387587E-4 
 2.0088388911209315E-4 0.9997991161108878 

4
 0.17489056904098688 0.8251094309590131 
 0.6671353957412616 0.33286460425873843 

4
 0.05829685634699562 0.9417031436530044 
 0.5239051828043391 0.476094817195661 

4
 0.552142857142857 0.44785714285714284 
 0.0859751895244659 0.9140248104755341 

4
 0.9996451383960254 3.548616039744499E-4 
 1.3915947676036738E-4 0.9998608405232398 

4
 0.6753536857781087 0.3246463142218912 
 0.23845312927029247 0.7615468707297076 

4
 0.06739859713327236 0.9326014028667278 
 0.43296575739988397 0.5670342426001161 

4
 0.9298401420959147 0.07015985790408527 
 0.5943636363636363 0.4056363636363637 

4
 1.3410218586562965E-4 0.9998658978141344 
 0.999607381232823 3.926187671770712E-4 

4
 0.9998658978141344 1.3410218586562965E-4 
 0.06046329014526894 0.939536709854731 

4
 0.9998685939553219 1.314060446780552E-4 
 4.177109440267336E-4 0.9995822890559731 

4
 0.9318760895802601 0.06812391041973984 
 3.926187671770712E-4 0.999607381232823 

4
 0.6661870503597123 0.3338129496402878 
 0.2157825802226588 0.7842174197773412 

4
 0.9839289090565324 0.016071090943467578 
 0.528101802757158 0.47189819724284193 

4
 1.2997140629061605E-4 0.9998700285937094 
 0.9995670995670997 4.329004329004328E-4 

4
 0.25567173012428485 0.7443282698757151 
 0.5768996960486322 0.4231003039513678 

4
 0.3690562394400193 0.6309437605599808 
 0.8041289882272649 0.195871011772735 

4
 0.03764818968279398 0.962351810317206 
 0.8633705475810739 0.1366294524189261 

4
 0.38402124064687426 0.6159787593531257 
 0.8048114656202013 0.19518853437979866 

4
 0.9998414711477489 1.5852885225110976E-4 
 0.015151515151515155 0.9848484848484849 

4
 0.016169942929613185 0.9838300570703868 
 0.4954004329004329 0.5045995670995671 

4
 0.8406546080964685 0.15934539190353142 
 0.4395031436896182 0.5604968563103818 

4
 0.44392822813200894 0.556071771867991 
 0.8261562998405104 0.17384370015948963 

4
 1.7009695526450075E-4 0.9998299030447354 
 0.9997575757575757 2.424242424242425E-4 

4
 0.6130367304707708 0.38696326952922916 
 0.999876099615909 1.2390038409119069E-4 

4
 0.9992937853107345 7.062146892655368E-4 
 0.3957848160223568 0.6042151839776433 

4
 0.8412962193601995 0.15870378063980062 
 0.15915221579961464 0.8408477842003854 

4
 0.1111111111111111 0.8888888888888888 
 0.4327557123140623 0.5672442876859377 

4
 0.77843564973512 0.22156435026488 
 0.40191317144959526 0.5980868285504047 

4
 0.7150506789061005 0.28494932109389937 
 0.3956020942408377 0.6043979057591623 

4
 1.7768301350390905E-4 0.9998223169864962 
 0.9997714808043875 2.2851919561243152E-4 

4
 0.9998223169864962 1.7768301350390905E-4 
 2.2851919561243152E-4 0.9997714808043875 

4
 0.9998223169864962 1.7768301350390905E-4 
 2.2851919561243152E-4 0.9997714808043875 

4
 1.7768301350390905E-4 0.9998223169864962 
 0.9997714808043875 2.2851919561243152E-4 

4
 1.7768301350390905E-4 0.9998223169864962 
 0.9997714808043875 2.2851919561243152E-4 

4
 0.10838663823738452 0.8916133617626154 
 0.7975319926873857 0.20246800731261427 

4
 0.5478048780487805 0.45219512195121947 
 1.6937669376693764E-4 0.9998306233062331 

4
 0.9995549621717845 4.450378282153984E-4 
 0.2845172102616991 0.7154827897383009 

4
 0.5993712104199416 0.40062878958005843 
 0.10862907584219059 0.8913709241578094 

4
 0.5402759234534935 0.4597240765465064 
 0.035709681577929614 0.9642903184220704 

4
 0.999329309188464 6.706908115358819E-4 
 1.1746740279572423E-4 0.9998825325972042 

4
 0.5586854460093896 0.4413145539906103 
 1.1746740279572423E-4 0.9998825325972042 

4
 0.46997157071783935 0.5300284292821607 
 0.8599177330895796 0.14008226691042047 

4
 0.735330836454432 0.264669163545568 
 0.08120133481646274 0.9187986651835374 

4
 0.6882640586797066 0.3117359413202934 
 0.31847890671420087 0.6815210932857992 

4
 0.525705186533212 0.474294813466788 
 0.9998216833095578 1.7831669044222534E-4 

4
 0.11177064915382673 0.8882293508461733 
 0.9995206136145733 4.7938638542665375E-4 

4
 0.7539782773427633 0.24602172265723668 
 4.7938638542665375E-4 0.9995206136145733 

4
 0.6087542087542087 0.3912457912457913 
 0.9570656809781064 0.042934319021893666 

4
 1.1709601873536305E-4 0.9998829039812647 
 0.9993169398907105 6.830601092896175E-4 

4
 1.1709601873536305E-4 0.9998829039812647 
 0.6045081967213115 0.3954918032786885 

4
 0.34532374100719426 0.6546762589928058 
 0.9998909487459106 1.0905125408942207E-4 

4
 0.2187928669410151 0.7812071330589849 
 0.5052732502396932 0.49472674976030684 

4
 0.513484740951029 0.48651525904897086 
 0.18549958252156973 0.8145004174784303 

4
 1.2997140629061605E-4 0.9998700285937094 
 0.29393939393939394 0.706060606060606 

4
 0.001470588235294118 0.9985294117647059 
 0.99989274989275 1.0725010725010724E-4 

4
 0.9985294117647059 0.001470588235294118 
 1.0725010725010724E-4 0.99989274989275 

4
 0.44495105270215907 0.5550489472978409 
 0.7887711032587358 0.21122889674126427 

4
 0.731151990349819 0.26884800965018096 
 0.44009489916963235 0.5599051008303677 

4
 0.5095812633073101 0.49041873669268987 
 0.20080712496521017 0.7991928750347899 

4
 0.6157902446169621 0.3842097553830379 
 0.3279823733081524 0.6720176266918476 

4
 0.711208539839878 0.288791460160122 
 0.35456073980664154 0.6454392601933586 

4
 0.0987449243263197 0.9012550756736804 
 0.5215874400348888 0.47841255996511123 

4
 0.7505978817902289 0.24940211820977112 
 0.1976826338844143 0.8023173661155857 

4
 0.3969935087119918 0.6030064912880082 
 1.4130281192595726E-4 0.9998586971880741 

4
 0.7566638005159072 0.24333619948409288 
 1.1310937676733406E-4 0.9998868906232327 

4
 0.7949427833148763 0.20505721668512367 
 0.4334932402965548 0.5665067597034453 

4
 0.692714126807564 0.30728587319243605 
 0.340043695380774 0.6599563046192259 

4
 0.9997858672376874 2.1413276231263377E-4 
 1.8747656542932143E-4 0.9998125234345706 

4
 0.0663811563169165 0.9336188436830835 
 0.3933258342707162 0.6066741657292838 

4
 4.1528239202657814E-4 0.9995847176079735 
 0.8924433912585571 0.10755660874144285 

4
 0.6702657807308969 0.32973421926910296 
 0.05818852027382833 0.9418114797261716 

4
 0.311046511627907 0.688953488372093 
 0.9229857819905213 0.07701421800947868 

4
 0.03672566371681416 0.9632743362831859 
 0.5263647642679901 0.47363523573200994 

4
 0.13874614594039056 0.8612538540596094 
 0.884090344998759 0.11590965500124101 

4
 0.837242268041237 0.16275773195876292 
 0.2553475935828878 0.7446524064171124 

4
 0.7101838755304102 0.2898161244695898 
 3.4083162917518763E-4 0.9996591683708249 

4
 1.9912385503783364E-4 0.9998008761449622 
 0.6107988759534324 0.3892011240465676 

4
 0.9996714848883048 3.2851511169513793E-4 
 0.4248563218390805 0.5751436781609195 

4
 0.4992927864214993 0.5007072135785008 
 0.9996591683708249 3.4083162917518763E-4 

4
 0.17824539687451646 0.8217546031254834 
 0.6478395933352159 0.352160406664784 

4
 0.5346226670273195 0.4653773329726806 
 3.831417624521074E-4 0.9996168582375478 

4
 2.5290844714213456E-4 0.9997470915528578 
 0.7690909090909092 0.23090909090909098 

4
 0.9013751611516975 0.09862483884830256 
 1.8691588785046728E-4 0.9998130841121495 

4
 2.3832221163012403E-4 0.9997616777883698 
 0.99982782369146 1.7217630853994485E-4 

4
 0.3541039965620971 0.6458960034379029 
 0.9007476635514019 0.0992523364485981 

4
 0.9998453687954229 1.5463120457708367E-4 
 0.5826972010178118 0.41730279898218825 

4
 0.8401548023924006 0.15984519760759938 
 6.770480704129992E-4 0.999322951929587 

4
 0.9261688764829029 0.073831123517097 
 0.3300457907713984 0.6699542092286016 

4
 0.7854796320630748 0.21452036793692503 
 0.33132183908045976 0.6686781609195402 

4
 0.7528209495422611 0.24717905045773897 
 1.8843037497644628E-4 0.9998115696250236 

4
 0.9998647552069246 1.3524479307546662E-4 
 0.624904214559387 0.37509578544061306 

4
 0.30824372759856633 0.6917562724014337 
 0.6615816940987554 0.33841830590124444 

4
 0.999793559042114 2.0644095788604466E-4 
 1.9379844961240313E-4 0.9998062015503876 

4
 0.21911241688572755 0.7808875831142724 
 0.5863726321741589 0.4136273678258411 

4
 0.9997135491263249 2.864508736751648E-4 
 1.5353907569476435E-4 0.9998464609243052 

4
 0.17244342595244916 0.8275565740475508 
 0.9998464609243052 1.5353907569476435E-4 

4
 0.02136631993252741 0.9786336800674725 
 0.6996539792387543 0.3003460207612457 

4
 0.10942423374391295 0.8905757662560871 
 0.7182557961001075 0.2817442038998925 

4
 0.804 0.19599999999999998 
 0.5354645354645355 0.46453546453546457 

4
 0.7596677169865368 0.2403322830134632 
 0.9998464609243052 1.5353907569476435E-4 

4
 0.8846410684474124 0.11535893155258764 
 0.6345291479820628 0.3654708520179372 

4
 0.7763191435126179 0.22368085648738212 
 0.2928637627432808 0.7071362372567191 

4
 0.23333333333333336 0.7666666666666666 
 1.4216661927779354E-4 0.9998578333807222 

4
 0.9985590778097984 0.0014409221902017294 
 1.074113856068743E-4 0.999892588614393 

4
 0.0014409221902017294 0.9985590778097984 
 0.904296455424275 0.09570354457572502 

4
 0.9998762376237623 1.2376237623762382E-4 
 0.7255717255717256 0.27442827442827444 

4
 0.23045420699925542 0.7695457930007445 
 1.3664935774801857E-4 0.999863350642252 

4
 0.5991666666666667 0.4008333333333334 
 0.3668831168831169 0.6331168831168832 

4
 0.7280774550484095 0.2719225449515906 
 0.4974174362185005 0.5025825637814995 

4
 0.9377769215950683 0.0622230784049316 
 0.7367546228963224 0.2632453771036775 

4
 0.9997858672376874 2.1413276231263377E-4 
 0.8082114735658043 0.1917885264341957 

4
 0.09142538975501113 0.908574610244989 
 0.9990234375 9.765624999999997E-4 

4
 5.422993492407809E-4 0.9994577006507592 
 0.9998774509803923 1.225490196078431E-4 

4
 0.6504878048780488 0.3495121951219512 
 0.44512195121951215 0.5548780487804877 

4
 0.31841359773371103 0.681586402266289 
 0.9997876406880443 2.1235931195582935E-4 

4
 0.9756021269940569 0.02439787300594308 
 0.4191135734072023 0.5808864265927978 

4
 1.2901561088891753E-4 0.9998709843891112 
 0.8233466489125612 0.17665335108743893 

4
 0.5142320925868001 0.48576790741319986 
 0.9997229916897507 2.770083102493076E-4 

4
 0.05986779981114259 0.9401322001888575 
 0.2503716287959227 0.7496283712040773 

4
 0.6195569962182603 0.3804430037817396 
 0.0013351134846461945 0.9986648865153539 

4
 0.24795117698343505 0.752048823016565 
 0.722651674865308 0.277348325134692 

4
 0.8180607943199467 0.18193920568005326 
 0.5201018737493178 0.4798981262506822 

4
 0.33623586923311943 0.6637641307668805 
 2.8918449971081537E-4 0.9997108155002892 

4
 4.5413260672116235E-4 0.9995458673932788 
 0.8522173801589336 0.1477826198410664 

4
 0.4470676691729323 0.5529323308270676 
 0.1210494931425164 0.8789505068574837 

4
 2.959455460195323E-4 0.9997040544539806 
 0.9998490566037737 1.5094339622641513E-4 

4
 0.7070139094406629 0.2929860905593371 
 0.3293584905660377 0.6706415094339623 

4
 0.4773572522423978 0.5226427477576022 
 1.840603718019511E-4 0.999815939628198 

4
 0.9995419147961521 4.5808520384791566E-4 
 1.278608873545582E-4 0.9998721391126454 

4
 0.9995419147961521 4.5808520384791566E-4 
 1.278608873545582E-4 0.9998721391126454 

4
 4.5808520384791566E-4 0.9995419147961521 
 0.8734177215189873 0.12658227848101267 

4
 0.9998536299765807 1.4637002341920375E-4 
 3.1525851197982345E-4 0.9996847414880201 

4
 0.2506658774785439 0.7493341225214559 
 0.5968301886792453 0.4031698113207547 

4
 0.04519891689231411 0.954801083107686 
 0.48299058235633285 0.5170094176436671 

4
 0.9996336996336996 3.663003663003663E-4 
 1.3747594171020073E-4 0.9998625240582897 

4
 0.18644688644688645 0.8135531135531135 
 0.7195490789111905 0.2804509210888095 

4
 0.9270416158802021 0.07295838411979802 
 0.5336775404834546 0.46632245951654533 

4
 0.290086887835703 0.709913112164297 
 0.48684210526315785 0.513157894736842 

4
 0.6913155631986243 0.30868443680137575 
 0.27123628548806694 0.728763714511933 

4
 0.9274703557312254 0.07252964426877472 
 0.7510113268608414 0.24898867313915857 

4
 0.48703307161551274 0.5129669283844873 
 0.9292866082603253 0.07071339173967461 

4
 0.4052382205843643 0.5947617794156357 
 0.1745635910224439 0.8254364089775561 

4
 0.49699914261217487 0.5030008573878251 
 0.8169100691775557 0.1830899308224443 

4
 0.9998582163618317 1.4178363816815535E-4 
 3.3886818027787193E-4 0.999661131819722 

4
 1.4178363816815535E-4 0.9998582163618317 
 0.999661131819722 3.3886818027787193E-4 

4
 1.4178363816815535E-4 0.9998582163618317 
 0.2561843442900712 0.7438156557099289 

4
 0.9986789960369881 0.001321003963011889 
 0.2714393857467286 0.7285606142532712 

4
 0.19473361910593998 0.80526638089406 
 0.8106262986049273 0.18937370139507273 

4
 0.8909478517546737 0.10905214824532633 
 0.4157706093189964 0.5842293906810035 

4
 0.2853368560105681 0.7146631439894319 
 0.888828809343571 0.1111711906564291 

4
 0.9607587433313576 0.03924125666864255 
 0.5564053537284895 0.4435946462715105 

4
 0.895703509347327 0.10429649065267302 
 0.6733230926779313 0.3266769073220686 

4
 1.2357884330202665E-4 0.9998764211566981 
 0.9994769874476988 5.230125523012552E-4 

4
 0.9998764211566981 1.2357884330202665E-4 
 5.230125523012552E-4 0.9994769874476988 

4
 1.2357884330202665E-4 0.9998764211566981 
 0.9994769874476988 5.230125523012552E-4 

4
 0.9998764211566981 1.2357884330202665E-4 
 5.230125523012552E-4 0.9994769874476988 

4
 1.2357884330202665E-4 0.9998764211566981 
 0.9994769874476988 5.230125523012552E-4 

4
 1.2357884330202665E-4 0.9998764211566981 
 0.9994769874476988 5.230125523012552E-4 

4
 0.9998764211566981 1.2357884330202665E-4 
 5.230125523012552E-4 0.9994769874476988 

4
 0.9998764211566981 1.2357884330202665E-4 
 5.230125523012552E-4 0.9994769874476988 

4
 1.2357884330202665E-4 0.9998764211566981 
 0.6501046025104602 0.3498953974895398 

4
 0.8291243030501805 0.1708756969498196 
 0.6323604710701485 0.3676395289298515 

4
 0.9998671272920542 1.3287270794578795E-4 
 4.035512510088782E-4 0.999596448748991 

4
 0.7726547967047569 0.22734520329524316 
 0.06255044390637611 0.9374495560936239 

4
 0.3897822445561139 0.6102177554438861 
 0.15245413981160136 0.8475458601883987 

4
 0.3612016437579708 0.6387983562420292 
 0.1326772989480828 0.8673227010519172 

4
 0.17993197278911566 0.8200680272108843 
 0.790911664779162 0.20908833522083806 

4
 0.999836494440811 1.6350555918901246E-4 
 2.572016460905349E-4 0.9997427983539096 

4
 1.6350555918901246E-4 0.999836494440811 
 0.9997427983539096 2.572016460905349E-4 

4
 0.999836494440811 1.6350555918901246E-4 
 0.11831275720164608 0.8816872427983539 

4
 0.775343361674297 0.22465663832570304 
 2.572016460905349E-4 0.9997427983539096 

4
 2.108370229812355E-4 0.9997891629770188 
 0.6445542672495723 0.35544573275042773 

4
 2.9481132075471697E-4 0.9997051886792452 
 0.9998487598306111 1.5124016938898965E-4 

4
 0.07340801886792453 0.9265919811320754 
 0.9531155474894132 0.046884452510586816 

4
 0.7130508117225385 0.2869491882774615 
 0.18418551606158526 0.8158144839384148 

4
 0.3085025186994352 0.6914974813005648 
 0.7825079640891978 0.21749203591080224 

4
 0.15498623756087232 0.8450137624391277 
 0.7138799469797386 0.28612005302026133 

4
 0.5904042647712128 0.40959573522878717 
 0.999818247909851 1.817520901490367E-4 

4
 0.2336070596886873 0.7663929403113127 
 0.9994579945799458 5.420054200542008E-4 

4
 0.47866666666666674 0.5213333333333334 
 0.9998401023345059 1.5989766549408388E-4 

4
 0.9998757455268389 1.2425447316103376E-4 
 0.504601226993865 0.495398773006135 

4
 0.39500497017892644 0.6049950298210736 
 0.9994887525562371 5.11247443762781E-4 

4
 0.670722433460076 0.3292775665399239 
 0.9836687080781569 0.016331291921843107 

4
 0.9860544217687075 0.013945578231292517 
 0.7436296715741789 0.2563703284258211 

4
 0.00944553483807655 0.9905544651619234 
 0.2602591792656587 0.7397408207343412 

4
 0.0017889087656529524 0.9982110912343469 
 0.9998941238750663 1.0587612493382744E-4 

4
 0.30919591292758775 0.6908040870724123 
 0.510178117048346 0.48982188295165396 

4
 2.3815194093831875E-4 0.9997618480590615 
 0.9998277347114557 1.7226528854435828E-4 

4
 0.9997618480590615 2.3815194093831875E-4 
 1.7226528854435828E-4 0.9998277347114557 

4
 2.3815194093831875E-4 0.9997618480590615 
 0.9998277347114557 1.7226528854435828E-4 

4
 0.9997618480590615 2.3815194093831875E-4 
 1.7226528854435828E-4 0.9998277347114557 

4
 2.3815194093831875E-4 0.9997618480590615 
 0.9998277347114557 1.7226528854435828E-4 

4
 2.3815194093831875E-4 0.9997618480590615 
 0.9998277347114557 1.7226528854435828E-4 

4
 0.09811859966658731 0.9018814003334127 
 0.7917312661498708 0.20826873385012917 

4
 0.7949281150159744 0.20507188498402557 
 0.3178542834267414 0.6821457165732586 

4
 8.038585209003213E-4 0.9991961414790996 
 0.4025114155251142 0.5974885844748858 

4
 0.4241225902125556 0.5758774097874444 
 0.7092050209205021 0.2907949790794979 

4
 2.0885547201336674E-4 0.9997911445279866 
 0.9998082822085889 1.9171779141104287E-4 

4
 0.9997911445279866 2.0885547201336674E-4 
 1.9171779141104287E-4 0.9998082822085889 

4
 2.0885547201336674E-4 0.9997911445279866 
 0.9998082822085889 1.9171779141104287E-4 

4
 0.9997911445279866 2.0885547201336674E-4 
 0.10084355828220858 0.8991564417177913 

4
 0.9997911445279866 2.0885547201336674E-4 
 0.3048312883435584 0.6951687116564418 

4
 0.6329757199322417 0.36702428006775834 
 2.13174163291409E-4 0.9997868258367085 

4
 0.06182121971595655 0.9381787802840433 
 0.5814800613496932 0.41851993865030673 

4
 3.0039050765995806E-4 0.9996996094923399 
 0.9998501872659177 1.4981273408239698E-4 

4
 3.0039050765995806E-4 0.9996996094923399 
 0.7592509363295881 0.24074906367041202 

4
 0.02403124061279663 0.9759687593872034 
 0.6356554307116105 0.3643445692883895 

4
 0.8542678695350452 0.1457321304649549 
 0.17496919556416124 0.8250308044358388 

4
 1.9727756954034332E-4 0.9998027224304596 
 0.5240121580547112 0.47598784194528876 

4
 2.972651605231866E-4 0.9997027348394768 
 0.5478915662650602 0.45210843373493975 

4
 2.7480076944215453E-4 0.9997251992305579 
 0.7088766692851531 0.29112333071484686 

4
 0.9997784179038334 2.2158209616662976E-4 
 0.352212711710071 0.6477872882899289 

4
 0.3937513848881011 0.6062486151118991 
 0.9435439810599162 0.056456018940083764 

4
 0.9648255015114042 0.03517449848859576 
 0.36637863315003927 0.6336213668499608 

4
 0.46564885496183206 0.5343511450381679 
 1.760253476500617E-4 0.99982397465235 

4
 0.5137211855104282 0.48627881448957194 
 2.7570995312930797E-4 0.9997242900468707 

4
 0.8490566037735849 0.1509433962264151 
 0.2921151439299124 0.7078848560700877 

4
 0.6402077151335311 0.35979228486646886 
 0.08825503355704696 0.911744966442953 

4
 0.9997527200791296 2.472799208704252E-4 
 0.4860738255033557 0.5139261744966444 

4
 0.8298270893371759 0.17017291066282422 
 0.11749347258485641 0.8825065274151437 

4
 0.8445824481124368 0.15541755188756334 
 0.08416988416988416 0.9158301158301158 

4
 0.29999999999999993 0.7 
 0.9996736292428198 3.2637075718015677E-4 

4
 1.9436345966958215E-4 0.9998056365403305 
 0.9997941963366948 2.0580366330520688E-4 

4
 1.9436345966958215E-4 0.9998056365403305 
 0.9997941963366948 2.0580366330520688E-4 

4
 0.40316969462698105 0.596830305373019 
 0.008763651071861939 0.9912363489281381 

4
 0.24855044453034403 0.751449555469656 
 0.6928677362815154 0.30713226371848457 

4
 0.8912141127637496 0.10878588723625043 
 0.08076740881099004 0.9192325911890099 

4
 0.9995034756703077 4.965243296921548E-4 
 0.474468085106383 0.5255319148936171 

4
 0.4425976034016236 0.5574023965983765 
 0.850748280976136 0.14925171902386408 

4
 0.9998179832544594 1.8201674554058973E-4 
 0.6942350332594235 0.3057649667405765 

4
 0.813543599257885 0.18645640074211506 
 7.246376811594203E-4 0.9992753623188406 

4
 1.1595547309833028E-4 0.9998840445269016 
 0.46014492753623193 0.5398550724637682 

4
 0.7193660610746038 0.2806339389253963 
 0.9998651745988945 1.3482540110556826E-4 

4
 0.2956661316211878 0.7043338683788122 
 0.6082159965161852 0.39178400348381476 

4
 0.17628644100958715 0.8237135589904128 
 0.5810341303903536 0.41896586960964644 

4
 0.6818051164127623 0.3181948835872377 
 0.9770190413657256 0.022980958634274462 

4
 1.2953367875647662E-4 0.9998704663212435 
 0.23029772329246936 0.7697022767075306 

4
 0.17239087081763793 0.8276091291823621 
 1.8211619012930256E-4 0.9998178838098708 

4
 0.001283697047496791 0.9987163029525032 
 0.8687262872628727 0.13127371273712737 

4
 0.6622807017543859 0.33771929824561403 
 0.8433665644171779 0.15663343558282208 

4
 0.3946350592638801 0.6053649407361198 
 0.13323278029160385 0.8667672197083961 

4
 2.9171528588098014E-4 0.999708284714119 
 0.9735401459854015 0.026459854014598536 

4
 0.9998438232078714 1.5617679212868974E-4 
 2.7770063871146916E-4 0.9997222993612885 

4
 1.5617679212868974E-4 0.9998438232078714 
 0.9997222993612885 2.7770063871146916E-4 

4
 0.9998438232078714 1.5617679212868974E-4 
 2.7770063871146916E-4 0.9997222993612885 

4
 1.5617679212868974E-4 0.9998438232078714 
 0.9997222993612885 2.7770063871146916E-4 

4
 0.9998438232078714 1.5617679212868974E-4 
 2.7770063871146916E-4 0.9997222993612885 

4
 0.9998438232078714 1.5617679212868974E-4 
 2.7770063871146916E-4 0.9997222993612885 

4
 1.5617679212868974E-4 0.9998438232078714 
 0.9997222993612885 2.7770063871146916E-4 

4
 0.9998438232078714 1.5617679212868974E-4 
 2.7770063871146916E-4 0.9997222993612885 

4
 0.33722287047841304 0.662777129521587 
 0.9998479318734794 1.520681265206813E-4 

4
 0.3042323910666875 0.6957676089333125 
 0.8717023049153013 0.12829769508469868 

4
 0.2998318458155478 0.7001681541844522 
 0.9995600527936647 4.399472063352397E-4 

4
 2.1786492374727657E-4 0.9997821350762528 
 0.999815293683044 1.8470631695603992E-4 

4
 0.49498910675381264 0.5050108932461873 
 0.999815293683044 1.8470631695603992E-4 

4
 1.301236174365647E-4 0.9998698763825634 
 0.9676584734799483 0.03234152652005175 

4
 0.15042290175666884 0.849577098243331 
 0.9995687796463992 4.312203536006902E-4 

4
 0.9997121473805411 2.8785261945883704E-4 
 1.531393568147014E-4 0.9998468606431853 

4
 0.17683799609629147 0.8231620039037084 
 0.5377317809400604 0.46226821905993964 

4
 0.24520337682271678 0.7547966231772831 
 0.6485536631522033 0.35144633684779675 

4
 0.2612541773147238 0.7387458226852763 
 0.4978645515558267 0.5021354484441732 

4
 0.5859526581296081 0.414047341870392 
 0.33919929608446986 0.6608007039155301 

4
 1.2619888944977279E-4 0.9998738011105502 
 0.18653846153846157 0.8134615384615385 

4
 0.0025706940874035992 0.9974293059125964 
 0.9998959958398337 1.0400416016640667E-4 

4
 0.22365038560411307 0.7763496143958869 
 0.9998959958398337 1.0400416016640667E-4 

4
 0.08226837060702877 0.9177316293929713 
 0.24199359487590072 0.7580064051240992 

4
 0.9985294117647059 0.001470588235294118 
 0.4286786786786787 0.5713213213213213 

4
 0.5938836612489307 0.40611633875106934 
 1.8768768768768763E-4 0.9998123123123124 

4
 0.8135349172066235 0.1864650827933765 
 0.19070024910047056 0.8092997508995294 

4
 0.9996400287976962 3.5997120230381573E-4 
 0.446858566288403 0.553141433711597 

4
 0.26882902693787797 0.7311709730621221 
 0.7307571473452718 0.26924285265472825 

4
 0.2739380849532037 0.7260619150467962 
 0.6448934403542762 0.35510655964572374 

4
 0.14038000368935621 0.8596199963106438 
 0.5598952651101898 0.44010473488981017 

4
 0.9998764211566981 1.2357884330202665E-4 
 0.8122384937238494 0.18776150627615062 

4
 0.5465425531914894 0.45345744680851063 
 0.1520408163265306 0.8479591836734693 

4
 1.968116512497539E-4 0.9998031883487501 
 0.9997968718261222 2.0312817387771684E-4 

4
 0.2867435158501441 0.7132564841498559 
 1.074113856068743E-4 0.999892588614393 

4
 0.6729371526293287 0.32706284737067126 
 0.8312688316036156 0.16873116839638436 

4
 0.22107969151670948 0.7789203084832904 
 0.8296411856474258 0.17035881435257413 

4
 0.5831422018348623 0.41685779816513757 
 0.7235799207397622 0.2764200792602377 

4
 0.3059125964010283 0.6940874035989717 
 1.0400416016640667E-4 0.9998959958398337 

4
 0.5284810126582279 0.47151898734177217 
 0.7714285714285715 0.2285714285714286 

4
 0.8338095238095238 0.16619047619047617 
 0.7887663680220538 0.21123363197794623 

4
 0.08814543232508402 0.9118545676749159 
 0.04684788895315212 0.9531521110468479 

4
 0.9986468200270636 0.001353179972936401 
 1.0793308148947657E-4 0.9998920669185104 

4
 0.18122529644268776 0.8187747035573123 
 0.159789644012945 0.8402103559870551 

4
 0.008333333333333337 0.9916666666666667 
 1.0117361392148928E-4 0.9998988263860785 

4
 0.5 0.5 
 9.998000399920012E-5 0.9999000199960008 

4
 0.5 0.5 
 9.998000399920012E-5 0.9999000199960008 

4
 0.5 0.5 
 0.9999000199960008 9.998000399920012E-5 

4
 0.5 0.5 
 9.998000399920012E-5 0.9999000199960008 

4
 0.5 0.5 
 9.998000399920012E-5 0.9999000199960008 

4
 0.5 0.5 
 9.998000399920012E-5 0.9999000199960008 

4
 0.5 0.5 
 0.9999000199960008 9.998000399920012E-5 

4
 0.5 0.5 
 9.998000399920012E-5 0.9999000199960008 

4
 0.5 0.5 
 0.9999000199960008 9.998000399920012E-5 

4
 0.5 0.5 
 9.998000399920012E-5 0.9999000199960008 

4
 0.5 0.5 
 9.998000399920012E-5 0.9999000199960008 

4
 0.5 0.5 
 0.9999000199960008 9.998000399920012E-5 

4
 0.5 0.5 
 9.998000399920012E-5 0.9999000199960008 

4
 0.5 0.5 
 9.998000399920012E-5 0.9999000199960008 

4
 0.5 0.5 
 0.9999000199960008 9.998000399920012E-5 

4
 0.5 0.5 
 0.9999000199960008 9.998000399920012E-5 

4
 0.5 0.5 
 0.9999000199960008 9.998000399920012E-5 

4
 0.5 0.5 
 9.998000399920012E-5 0.9999000199960008 

4
 0.5 0.5 
 9.998000399920012E-5 0.9999000199960008 

4
 0.5 0.5 
 9.998000399920012E-5 0.9999000199960008 

4
 0.5 0.5 
 0.9999000199960008 9.998000399920012E-5 

4
 0.5 0.5 
 9.998000399920012E-5 0.9999000199960008 

4
 0.5 0.5 
 0.9999000199960008 9.998000399920012E-5 

4
 0.5 0.5 
 9.998000399920012E-5 0.9999000199960008 

