2_17_s.binary.uai 2_17_s.binary.uai.evid 1 0 4 100 0
-59.17138229899342
0.415884844
-61.613143528708726
0.429018806
-64.45057072831821
0.429446591
-56.17908231167141
0.426916738
-65.20003394163334
0.4322918
-57.751580431484186
0.424286587
-62.61458300900748
0.425840513
-58.32272084061816
0.41788988
-57.215724584737956
0.423513123
-60.88791128746389
0.425305899
2_28_s.binary.uai 2_28_s.binary.uai.evid 1 0 4 100 0
-54.42162619133509
0.497381745
-48.64783165754899
0.47100186
-56.6334992220518
0.487882784
-51.74022345822901
0.484920015
-43.29621532011114
0.478758426
-53.71620505706453
0.481273352
-48.09306656962064
0.472215704
-44.93268850226777
0.476298083
-49.15697823459636
0.476953988
-50.80313006577665
0.470535356
17_4_s.binary.uai 17_4_s.binary.uai.evid 1 0 4 100 0
-69.59604150152673
0.639262495
-68.02264866806235
0.642343289
-57.022074399468785
0.656821249
-68.12188373267995
0.646232535
-59.5683468423783
0.648134473
-60.758376668949914
0.649829283
-62.522183307362866
0.663894854
-65.82013243510832
0.660518762
-65.45025608399044
0.652521946
-61.438350332679164
0.658470809
54.wcsp.uai 54.wcsp.uai.evid 1 0 4 100 0
17.10451350586047
0.297066668
14.968077610241423
0.29760548
16.615724301696357
0.295145137
12.25298529921678
0.297130579
17.12096561063925
0.292999683
13.171339919393093
0.292391828
16.729717009681128
0.293684045
12.673097246366755
0.29528602
18.16608022124455
0.302121708
12.357612097957414
0.292504256
404.wcsp.uai 404.wcsp.uai.evid 1 0 4 100 0
-61.30679105162375
0.149613058
-78.4054235199866
0.150087026
-82.27787781054995
0.153150094
-58.464964578296616
0.147222223
-74.17204429623618
0.14915775
-67.20512309393241
0.151939048
-75.36587377767944
0.150335673
-113.11076052753391
0.148681449
-97.93742294274077
0.15175338
-70.12213639739683
0.148818601
grid16_5.uai grid16_5.uai.evid 1 0 4 100 0
194.84844651835147
74.435218648
194.84844651835147
74.812244618
194.84844651835147
71.579277973
194.84844651835147
73.107888914
194.84844651835147
73.041499755
194.84844651835147
72.431011246
194.84844651835147
72.867828604
194.84844651835147
71.784872012
194.84844651835147
72.386008043
194.84844651835147
71.874360598
2_17_s.binary.uai 2_17_s.binary.uai.evid 1 0 4 100 1
-57.377723644077314
0.420413668
-66.8269593284041
0.420541956
-69.28319771087467
0.418827553
-58.72895227291673
0.420485977
-66.76363650635672
0.419318316
-57.200796566435365
0.415094119
-64.51066202542748
0.412652903
-58.878175225422254
0.418985699
-61.71365720409098
0.419688254
-60.894108945782605
0.420361419
2_28_s.binary.uai 2_28_s.binary.uai.evid 1 0 4 100 1
-54.33668921841377
0.471655432
-53.58139858376321
0.468400632
-51.37165802228703
0.473811149
-45.99437969255895
0.477739582
-37.70886847818241
0.464361638
-44.910464376276785
0.478538237
-53.77558409527474
0.468269544
-51.92770605288678
0.469334108
-44.2412380363116
0.471457635
-52.3659849868407
0.471476762
17_4_s.binary.uai 17_4_s.binary.uai.evid 1 0 4 100 1
-67.95780948165
0.636608084
-70.42436847300343
0.638769399
-62.00515759686623
0.641249802
-66.39354303520118
0.637755686
-60.61193406059147
0.639749525
-68.11145595948598
0.63851842
-71.04525130354142
0.639508808
-69.15539303998638
0.635832288
-63.67221023846856
0.642963739
-66.67266699920668
0.63415987
54.wcsp.uai 54.wcsp.uai.evid 1 0 4 100 1
12.733179996123756
0.285801056
11.000208043407387
0.28812518
16.61668557891965
0.293336033
16.1980939913321
0.292970293
12.061463401949373
0.292185633
12.143995866718091
0.2846222
12.333379658572634
0.288050072
17.143070986412578
0.28776877
16.090798961219125
0.287288737
15.507242297944082
0.290561732
404.wcsp.uai 404.wcsp.uai.evid 1 0 4 100 1
-126.94563965737433
0.150360864
-63.027848733144594
0.148012482
-58.643038453391796
0.150636102
-65.74017696464243
0.149487102
-39.30766261990183
0.153087115
-85.50897894720224
0.150641233
-118.982927442458
0.148681916
-63.42734714850238
0.149665773
-102.95115087595366
0.150182659
-98.97874588985395
0.149776801
grid16_5.uai grid16_5.uai.evid 1 0 4 100 1
194.84844651835147
72.704528311
194.84844651835147
72.589364729
194.84844651835147
73.107223679
194.84844651835147
72.921318919
194.84844651835147
73.88197768
194.84844651835147
73.764118169
194.84844651835147
73.685784168
194.84844651835147
73.45562308
194.84844651835147
73.748716997
194.84844651835147
73.246110871
2_17_s.binary.uai 2_17_s.binary.uai.evid 1 0 4 1000 0
-54.641354987121616
3.87392255
-54.79243862977486
3.955798252
-50.91637600322255
3.894027486
-51.88196048472892
3.83358299
-57.04458760394754
3.855251649
-50.2602212450559
3.837860835
-57.231342637179964
3.837378936
-55.751051391419544
3.885749367
-54.205182380438536
3.872619603
-60.56549745736057
3.841774806
2_28_s.binary.uai 2_28_s.binary.uai.evid 1 0 4 1000 0
-48.18531912216487
4.478841931
-46.75928093710138
4.476137606
-48.25376011896613
4.489386794
-48.6075307593127
4.412074437
-40.81622154884541
4.449846823
-44.71818746051394
4.461073715
-45.19051863217294
4.466805188
-45.372466305140875
4.465414071
-45.47145015980147
4.454468948
-45.06170027334764
4.50669597
17_4_s.binary.uai 17_4_s.binary.uai.evid 1 0 4 1000 0
-60.64862107741777
6.22709149
-58.44215771452664
6.226653443
-50.067771444993205
6.249269571
-58.76943510812457
6.20605168
-59.31858852113331
6.199370405
-61.20913760105816
6.304621238
-63.271691369619056
6.2867252
-63.63717111019871
6.235060783
-61.918353301973255
6.211672124
-62.39716826566559
6.22444921
54.wcsp.uai 54.wcsp.uai.evid 1 0 4 1000 0
16.285107124257987
2.742198532
16.344032040309255
2.7350125
16.531558417573436
2.756618646
16.703384614378116
2.731293061
15.922368482918799
2.76079386
15.786251407654774
2.743159997
15.832992806893792
2.745484588
15.682008959203866
2.756328947
16.54719452520492
2.770516276
15.79597055648248
2.732347828
404.wcsp.uai 404.wcsp.uai.evid 1 0 4 1000 0
-50.76422269276546
1.205151793
-68.10380571603784
1.202171765
-55.422737313133595
1.205631827
-48.002385982582354
1.195603384
-27.597410040993875
1.196764513
-63.53844237641243
1.215482065
-38.14315076649147
1.210741447
-54.480383039705465
1.204832238
-30.787651754384623
1.192334588
-46.2455105262827
1.194206203
grid16_5.uai grid16_5.uai.evid 1 0 4 1000 0
194.84844651835147
75.780618892
194.84844651835147
76.345427769
194.84844651835147
76.752840895
194.84844651835147
75.94168743
194.84844651835147
76.582222081
194.84844651835147
76.903344509
194.84844651835147
76.84170483
194.84844651835147
76.551898836
194.84844651835147
76.41830087
194.84844651835147
76.170148111
2_17_s.binary.uai 2_17_s.binary.uai.evid 1 0 4 1000 1
-53.027954422274746
3.974839091
-51.798249215096305
3.954495772
-49.05476265704487
3.968231991
-53.50168574174093
3.981209673
-58.25938839446977
3.9460833
-53.89974363887593
3.946343143
-59.880571604677264
3.946524147
-56.423171398346085
3.962131048
-60.01972406996644
3.943753111
-55.13017749148586
3.962871857
2_28_s.binary.uai 2_28_s.binary.uai.evid 1 0 4 1000 1
-53.29622169243904
4.549564448
-43.951513771798965
4.555823536
-51.72417508041051
4.508388447
-48.20134451530124
4.5557363
-46.12865973996041
4.541639473
-43.07555609115485
4.609095061
-35.84780585599477
4.539882152
-41.40613631937363
4.562837429
-47.89480728692968
4.606976199
-40.887114862048406
4.516278901
17_4_s.binary.uai 17_4_s.binary.uai.evid 1 0 4 1000 1
-58.712060547813536
6.279468259
-63.13843369426638
6.24988349
-61.73714011797619
6.35272996
-63.110857825301885
6.341831953
-54.917727447312274
6.28993335
-60.403868745447944
6.285068178
-61.14957955040431
6.297407216
-56.654183423562344
6.339226993
-54.30367738214133
6.285756737
-59.53726762878935
6.387516252
54.wcsp.uai 54.wcsp.uai.evid 1 0 4 1000 1
15.29298344879178
2.780836751
13.861880824534573
2.786240736
13.177679802979995
2.793157129
13.906720686727862
2.770770521
12.917408148756019
2.771930717
13.102347104395033
2.763359633
15.00171640350591
2.756843034
12.275607492527715
2.763880252
14.309539325663696
2.757154194
15.253095860021777
2.778980063
404.wcsp.uai 404.wcsp.uai.evid 1 0 4 1000 1
-48.054592054493526
1.254899811
-56.592458890814704
1.268113079
-53.18590450258769
1.260580901
-55.142193260605836
1.250077089
-47.725710824422634
1.248536693
-63.63453144495286
1.242872398
-47.11875315823912
1.244004603
-40.385138669284856
1.261542832
-47.02270235333916
1.23900601
-34.730184397319334
1.249767797
grid16_5.uai grid16_5.uai.evid 1 0 4 1000 1
194.84844651835147
75.971598752
194.84844651835147
76.790444872
194.84844651835147
76.351377564
194.84844651835147
76.814215132
194.84844651835147
76.13236826
194.84844651835147
74.879699739
194.84844651835147
76.539649366
194.84844651835147
76.233472336
194.84844651835147
76.102162574
194.84844651835147
75.841535023
2_17_s.binary.uai 2_17_s.binary.uai.evid 1 0 4 10000 0
-51.012226477486045
38.842677026
-44.95963662302822
38.906954785
-52.812107395616934
38.74331581
-51.769251424639336
38.803084806
-50.90765950097747
38.962893316
-50.59725562550614
38.945368615
-52.19384109494613
38.949549893
-52.37081497306178
38.687224267
-50.47394681419848
39.084533843
-48.79774333296692
38.630796374
2_28_s.binary.uai 2_28_s.binary.uai.evid 1 0 4 10000 0
-35.93131977773869
44.32244077
-40.881479288221996
44.146105878
-41.10696312227674
44.434348152
-38.03353657383514
44.401148907
-44.38819631222884
43.963461985
-38.75169224842276
43.931338965
-40.57725880420189
43.927430592
-40.378639095219334
43.82193951
-34.31997252373055
44.240266038
-41.067358911241186
44.161396024
17_4_s.binary.uai 17_4_s.binary.uai.evid 1 0 4 10000 0
-56.678832793201884
60.197436746
-55.8947620339812
59.500251679
-56.47087535454909
59.303857104
-52.46765354356884
59.687336228
-55.77566297607491
59.83622667
-53.15514097573254
60.633171348
-52.06496316824617
59.134542637
-57.60863544711133
60.662342328
-56.07682531408897
61.121340098
-56.129476245518035
60.684155602
54.wcsp.uai 54.wcsp.uai.evid 1 0 4 10000 0
16.675985997478836
26.41184445
15.964954801048641
26.274801351
16.8281068509442
26.093619947
16.782639885532223
26.359100076
16.579561729948946
26.730451954
16.198937836024264
26.446002828
16.647594892969817
27.039423345
16.419393392780073
26.090069383
16.63185894268171
25.715108628
16.351843638765992
26.076520232
404.wcsp.uai 404.wcsp.uai.evid 1 0 4 10000 0
-23.951617829724448
11.251493863
-30.84221149475448
11.187365851
-31.403947717948768
11.194041527
-25.609425507318836
11.202312648
-29.22404782832994
11.231944068
-32.58651642750867
11.264982368
-25.381029238786887
11.75335125
-20.93365846916325
11.898771367
-36.94023215625675
11.721698468
-21.79021017167194
11.703800564
grid16_5.uai grid16_5.uai.evid 1 0 4 10000 0
194.84844651835147
74.922024741
194.84844651835147
73.67605802
194.84844651835147
73.425951074
194.84844651835147
73.343943818
194.84844651835147
73.785321256
194.84844651835147
73.076713832
194.84844651835147
73.199713753
194.84844651835147
73.176879768
194.84844651835147
73.464234749
194.84844651835147
73.423370839
2_17_s.binary.uai 2_17_s.binary.uai.evid 1 0 4 10000 1
-51.38761158589862
37.434748411
-52.19694499528982
36.972943218
-48.581571188254124
37.539912475
-53.33972412678621
37.484274373
-46.56002065641251
37.588178408
-46.97031253695244
37.168584388
-53.85644092390724
37.70298045
-45.535305921118685
37.685835483
-40.57338806263325
37.629117426
-51.11172599289995
37.491080205
2_28_s.binary.uai 2_28_s.binary.uai.evid 1 0 4 10000 1
-38.313188576308406
42.759138236
-38.22984080520696
42.214900334
-35.045022809209115
42.858314715
-39.339294817703816
42.862074274
-39.91935062650676
42.79244571
-40.10337991905196
42.792378533
-41.097354039986676
42.748554653
-44.52712659615682
42.808299392
-31.521716908975574
42.708852339
-38.31740986119003
42.202572491
17_4_s.binary.uai 17_4_s.binary.uai.evid 1 0 4 10000 1
-53.80746088811917
59.625660162
-53.945248507208156
59.514562164
-56.19956606029906
59.398900356
-57.10463830277711
59.831138975
-57.49303590019813
59.446096128
-57.22305879215567
59.455424815
-58.556469864594135
59.091194591
-57.13539143829518
59.7814614
-58.386274086367365
59.728972202
-53.616898238352455
59.299816244
54.wcsp.uai 54.wcsp.uai.evid 1 0 4 10000 1
15.683479081986373
26.03950405
11.661343553696703
26.051579513
14.999629550556278
26.150007254
15.82393306175615
25.880727448
13.717343433156405
25.939385698
13.601850975596577
26.103403942
14.710440254976088
26.124119998
12.560163882651146
25.593758266
13.581222481269055
26.099905627
14.764584124435569
25.852944785
404.wcsp.uai 404.wcsp.uai.evid 1 0 4 10000 1
-24.46952207028795
11.401017819
-45.24247423344012
11.341755446
-40.003548624878455
11.417620707
-28.727105005080862
11.52753145
-40.751976268390884
11.419831471
-13.429487220205285
11.439996119
-8.322384656259423
11.402724292
-32.50681476289968
11.431106413
-32.36378970192636
11.351208689
-36.26711222154585
11.448298029
grid16_5.uai grid16_5.uai.evid 1 0 4 10000 1
194.84844651835147
72.751933543
194.84844651835147
72.82517985
194.84844651835147
73.10826585
194.84844651835147
73.045015799
194.84844651835147
72.737895963
194.84844651835147
72.848639416
194.84844651835147
72.77261088
194.84844651835147
72.840353367
194.84844651835147
72.449495546
194.84844651835147
72.821958637
2_17_s.binary.uai 2_17_s.binary.uai.evid 1 0 4 20000 0
-41.44648048874285
73.831233675
-47.81214670031904
73.96679889
-49.626116604258186
74.285591128
-50.77028239413527
74.041129817
-46.12156485197938
72.86979632
-43.13508838549228
74.37940934
-40.17629049229682
73.810719149
-49.827674233809574
73.758481398
-49.803455647160064
75.286682748
-47.901543561878896
74.096250099
2_28_s.binary.uai 2_28_s.binary.uai.evid 1 0 4 20000 0
-41.850419964744624
84.895848718
-39.6994748962415
85.146208977
-36.90838836035741
85.070764036
-39.145550523344056
84.853077738
-44.04536886642175
84.969736467
-37.00877215190834
85.078255162
-41.357689765283055
85.128924525
-43.7717459352085
85.372670686
-37.093985622874015
85.353404058
-38.77266130656891
85.242365774
17_4_s.binary.uai 17_4_s.binary.uai.evid 1 0 4 20000 0
-49.40073123882517
118.215250212
-56.27243786690062
117.711789916
-57.40306485151237
117.548249839
-55.94916249715332
117.492599142
-43.78139096191324
118.520089308
-53.77049746662719
118.540458284
-51.154048620128165
117.587952153
-55.00033236035221
116.363737129
-53.07253886072826
117.984750441
-53.41692948031287
117.825651951
54.wcsp.uai 54.wcsp.uai.evid 1 0 4 20000 0
16.54012714020226
52.032473364
16.43712612741717
52.350590571
16.36942014156988
51.972589607
16.366181272921903
51.602327949
16.56518287433231
52.199227189
16.594116245131097
51.914883959
16.278519894785852
52.045923149
16.188268960114673
51.750727164
16.489460203011543
52.066060273
16.513679009569653
51.991511021
404.wcsp.uai 404.wcsp.uai.evid 1 0 4 20000 0
-33.37262203347929
22.229425878
-25.497972216994803
22.352208875
-31.70065724316242
22.307035865
-20.81798364023858
22.360559301
-17.88804298341083
22.138460807
-23.96825919571654
22.257469783
-11.366267621881963
22.449413441
-7.156524333004846
22.318464286
-24.43532623183821
22.245877151
-28.682251862348192
22.345375519
grid16_5.uai grid16_5.uai.evid 1 0 4 20000 0
194.84844651835147
73.238290392
194.84844651835147
73.030747297
194.84844651835147
73.142761976
194.84844651835147
72.924813037
194.84844651835147
73.150595983
194.84844651835147
73.289452851
194.84844651835147
73.088756173
194.84844651835147
73.177105089
194.84844651835147
73.396087335
194.84844651835147
73.69751022
2_17_s.binary.uai 2_17_s.binary.uai.evid 1 0 4 20000 1
-48.46803081014084
75.430201861
-49.01456479354935
74.462366865
-50.92440205826204
75.137794638
-48.04094683963452
74.792388329
-50.492313413137644
75.019344533
-50.944553391481925
75.380969797
-47.174944102684655
74.567404972
-48.31679405918261
75.465605805
-49.7637648853416
75.242444614
-46.36611235755168
75.252451596
2_28_s.binary.uai 2_28_s.binary.uai.evid 1 0 4 20000 1
-41.58135050010919
85.4329631
-24.899712968065174
85.522501135
-41.39830316255585
85.595070542
-29.924505244927804
84.778846176
-38.227793785313985
85.378153511
-41.26917061367703
85.533923492
-36.31328254257594
85.804728767
-35.458065163907555
85.397749024
-38.95107173216
85.312197734
-38.30354413977306
84.550917777
17_4_s.binary.uai 17_4_s.binary.uai.evid 1 0 4 20000 1
-50.182037258408734
119.293677981
-52.62320451506512
120.090354418
-50.50479049183494
119.951681351
-56.788673241473504
119.381262295
-53.56895961021361
121.07236088
-53.34259658441417
120.895192814
-46.5561495040152
122.454087347
-51.84999826326371
124.187229165
-56.07188654173987
123.200723735
-55.572755954312974
124.069802571
54.wcsp.uai 54.wcsp.uai.evid 1 0 4 20000 1
13.973231700543451
53.485274092
14.354952751864289
53.454197909
12.039144927707973
53.801698355
14.156575950156096
53.670292493
15.184714537866938
53.562847692
10.49433553868447
53.404244629
14.026687922533423
53.745921703
13.884928221315455
54.202760959
14.416641018223299
54.469252002
13.214732954048188
53.875535721
404.wcsp.uai 404.wcsp.uai.evid 1 0 4 20000 1
-28.90577167147685
23.765034383
-5.734497954828253
23.950955938
-25.205325911311704
23.978016918
-37.28289626527913
23.807740052
-32.60990169707923
23.84228003
-37.51922801961949
23.822020682
-32.765358024490496
23.848616558
-17.26190886248431
23.482497925
-19.41609590121051
23.632580287
-26.7233480745034
23.670263104
grid16_5.uai grid16_5.uai.evid 1 0 4 20000 1
194.84844651835147
76.135296507
194.84844651835147
75.932151149
194.84844651835147
75.680664284
194.84844651835147
75.331106087
194.84844651835147
75.489808048
194.84844651835147
75.172190466
194.84844651835147
75.029265214
194.84844651835147
74.655035937
194.84844651835147
75.877023404
194.84844651835147
75.782093979
2_17_s.binary.uai 2_17_s.binary.uai.evid 1 0 5 100 0
-38.94426376333803
1.671991969
-44.69366560088064
1.693838364
-41.53897846266334
1.684508745
-39.981628724476565
1.680469284
-47.53769882347935
1.685124531
-45.22675747010742
1.673523502
-36.60871484052132
1.68083829
-44.0035094901812
1.686168101
-42.04676220207646
1.681828678
-43.19574205412952
1.684562394
2_28_s.binary.uai 2_28_s.binary.uai.evid 1 0 5 100 0
-23.984875143142503
8.907435286
-22.297281231999815
8.852707335
-22.488809608645365
8.882432521
-29.34608804438854
9.473959963
-25.492036051610334
9.301316522
-21.76802868494786
9.247528577
-23.56968354541672
9.27777485
-28.724860435463405
9.354122008
-29.480172212895095
9.299868026
-24.448992043898723
9.273868809
17_4_s.binary.uai 17_4_s.binary.uai.evid 1 0 5 100 0
-48.408845475680494
13.685996894
-51.70204313223961
13.774901416
-47.31153975569618
13.698165658
-52.11348091071331
13.460934231
-52.916469285641995
13.140645913
-47.89809753008898
13.679901549
-48.31471807868494
13.633469443
-53.464106497499195
13.68385424
-49.31938646724376
13.73033906
-49.52366954290792
13.497358419
54.wcsp.uai 54.wcsp.uai.evid 1 0 5 100 0
14.98475177537204
0.696887436
17.09271108588206
0.696261854
16.09683111565385
0.698036904
16.090923026362354
0.703558914
16.312229916340257
0.693113417
15.151186375822991
0.701263713
11.35276214732091
0.702324544
16.04741940040017
0.711271164
16.095895271266883
0.706535678
16.7558395202981
0.701559477
404.wcsp.uai 404.wcsp.uai.evid 1 0 5 100 0
-95.17271925237786
0.186634839
-59.13080971334718
0.186771991
-62.853936496069416
0.184624205
-59.99598054727579
0.183106667
-79.01267351850034
0.186166935
-71.8392816702831
0.186084363
-43.41632041737131
0.184000489
-52.59571701164762
0.184725903
-98.17977271064223
0.184324709
-52.05698986494063
0.185182145
grid16_5.uai grid16_5.uai.evid 1 0 5 100 0
194.84844651835147
96.378527647
194.84844651835147
84.543360407
194.84844651835147
79.072394935
194.84844651835147
83.283985421
194.84844651835147
75.780030165
194.84844651835147
77.021438205
194.84844651835147
77.604685662
194.84844651835147
76.007300792
194.84844651835147
76.376417648
194.84844651835147
77.338416675
2_17_s.binary.uai 2_17_s.binary.uai.evid 1 0 5 100 1
-41.18475455569971
1.768823799
-44.74661427761804
1.756389592
-47.10311377460515
1.738061106
-46.38890479281587
1.747157006
-50.485954399498816
1.763330244
-42.95173796480029
1.737010538
-42.19206641103221
1.734990575
-36.91698652149847
1.72919799
-46.89244376965138
1.741989071
-42.75032533161913
1.727962221
2_28_s.binary.uai 2_28_s.binary.uai.evid 1 0 5 100 1
-23.659812312696463
9.162785273
-28.149159078526328
9.158422991
-25.529370018731036
9.175322576
-18.42355225632913
9.198320305
-20.15675952711543
9.342330646
-20.83668166921039
9.196290078
-23.60743959062725
9.182109747
-21.135208656489695
9.35482643
-23.00561221441009
9.387221888
-30.090451382369796
9.587141835
17_4_s.binary.uai 17_4_s.binary.uai.evid 1 0 5 100 1
-45.467337694384405
14.817896784
-48.66095528976127
13.668218882
-46.57513443095862
14.15605175
-47.171229373782815
14.144469382
-52.25999168162269
13.633408332
-49.26760894293486
13.545154117
-47.672451951289915
13.586206028
-42.03401353536593
14.234806072
-44.113477442178194
13.889663804
-48.28083498112006
13.565123766
54.wcsp.uai 54.wcsp.uai.evid 1 0 5 100 1
16.10512091407015
0.709003487
16.961511302915834
0.701342087
16.222214636388873
0.712537256
16.625253079118163
0.704163038
16.032729774118636
0.712750449
15.52179022001662
0.710808858
15.475271460474335
0.697421118
16.76545865660616
0.706999384
16.59783131417801
0.707005449
16.176686859532335
0.699352911
404.wcsp.uai 404.wcsp.uai.evid 1 0 5 100 1
-69.82815097417166
0.188012893
-19.388448297304524
0.187037432
-47.67087904965229
0.188367902
-56.13523298942172
0.18735792
-88.67743602976513
0.188839538
-37.00251748409208
0.188099196
-71.15275932632512
0.186091827
-43.96103453439795
0.198191549
-91.08900751086719
0.190840842
-110.96597328130498
0.189560287
grid16_5.uai grid16_5.uai.evid 1 0 5 100 1
194.84844651835147
77.442064599
194.84844651835147
77.640027094
194.84844651835147
77.913229735
194.84844651835147
76.099629923
194.84844651835147
76.022812993
194.84844651835147
75.887583195
194.84844651835147
75.396360706
194.84844651835147
75.318339264
194.84844651835147
75.36962208
194.84844651835147
74.220026282
2_17_s.binary.uai 2_17_s.binary.uai.evid 1 0 5 1000 0
-37.84523440319423
16.245895345
-35.61846817908722
16.246529792
-40.11047463889545
16.297445469
-38.99668117587876
16.398072777
-38.38957769207688
16.231595589
-37.66721461689545
16.372232638
-33.4150474506589
16.333812745
-36.51498511409865
16.225811403
-37.53031173612055
16.250890207
-39.65310788309278
16.246993963
2_28_s.binary.uai 2_28_s.binary.uai.evid 1 0 5 1000 0
-23.224993048821716
87.600644336
-14.643600747973505
87.678321966
-20.246471755499293
87.958278655
-15.964615750932078
87.737784002
-20.82872651237211
87.368907396
-21.022414795105718
87.622791627
-8.498407094233595
91.202007088
-18.359853456307178
91.499066758
-18.108622411032087
91.670067638
-20.27532537027898
91.341252088
17_4_s.binary.uai 17_4_s.binary.uai.evid 1 0 5 1000 0
-46.33157627065498
129.896148215
-46.02471784891235
127.999151895
-45.76095831477682
128.698230036
-45.40630617536854
127.424096253
-48.62124138364899
126.86160777
-46.40951074398229
126.939439346
-44.85737490073005
126.178323598
-46.771367142973766
126.346762903
-47.4529638185873
126.81688307
-44.68328889877077
125.978907475
54.wcsp.uai 54.wcsp.uai.evid 1 0 5 1000 0
16.415438639374937
6.228950043
16.964597743673764
6.121340099
16.15689142061311
6.167257184
16.30469011556547
6.141962854
15.830460939623165
6.209107283
16.699443322902304
6.155003516
16.5693088158237
6.206814415
16.390197994606737
6.248327232
16.421732568488945
6.161579826
16.242249667368444
6.159136743
404.wcsp.uai 404.wcsp.uai.evid 1 0 5 1000 0
-34.857896326638304
1.364804024
-16.559552281434012
1.382213964
-54.86477209476444
1.38301262
-41.56883579154024
1.360354506
-35.70268910194913
1.376984918
-60.35652303486845
1.395901666
-31.013374326644648
1.358731537
-60.845404697619166
1.377198576
-45.08438736252988
1.390124477
-55.83143045173523
1.36232502
grid16_5.uai grid16_5.uai.evid 1 0 5 1000 0
194.84844651835147
73.18660265
194.84844651835147
72.049113105
194.84844651835147
75.124223562
194.84844651835147
74.646912698
194.84844651835147
73.903100061
194.84844651835147
75.127476496
194.84844651835147
73.763017686
194.84844651835147
74.336777846
194.84844651835147
74.263717675
194.84844651835147
74.531519129
2_17_s.binary.uai 2_17_s.binary.uai.evid 1 0 5 1000 1
-38.75148899943142
16.012934764
-36.37048694154727
15.859607866
-34.48686419263984
15.883402384
-34.57334884071458
16.175706043
-39.95511809015015
16.118312486
-31.535741511344522
16.008622865
-42.467508104651884
15.993246884
-35.23543787948823
16.005774857
-34.86583548115184
15.950398465
-41.47775368377103
16.034685993
2_28_s.binary.uai 2_28_s.binary.uai.evid 1 0 5 1000 1
-23.37266376160475
86.423577501
-21.22260836727492
88.606405197
-17.218649700320334
91.184362496
-21.56948714705229
92.266236798
-22.097421651899
91.032032517
-14.536762238513232
94.455397292
-21.445105581060883
92.360967026
-13.819368764213872
90.396931241
-22.153700727752554
91.68248365
-20.82292536071081
91.710937613
17_4_s.binary.uai 17_4_s.binary.uai.evid 1 0 5 1000 1
-44.83279507251336
134.327225237
-47.338910021385395
136.249869029
-44.882171759896444
134.739013707
-47.35813143578957
135.989707983
-46.28511668471679
137.078528067
-45.317460377509946
133.49419552
-45.05253867146894
133.816030766
-40.03278339816329
136.018265043
-46.043865350162605
135.975070943
-47.74353412045644
134.950208597
54.wcsp.uai 54.wcsp.uai.evid 1 0 5 1000 1
14.45288690220665
6.547446518
15.630003225151565
6.625646633
14.054192731411646
6.589438903
18.196728976384076
6.606788197
15.752675508367147
6.577526249
15.967723906431392
6.656991056
15.180795206784673
6.565021135
14.636308136346216
6.579392732
13.602854844165794
6.600494122
14.436759285619939
6.567899
404.wcsp.uai 404.wcsp.uai.evid 1 0 5 1000 1
-44.39935266087649
1.481179584
-48.117718672563846
1.497323898
-40.6170370205941
1.486616692
-39.146855226745714
1.489998382
-39.67822945333282
1.474721765
-47.72453611524111
1.505423812
-68.23405474056393
1.504812225
-44.15930329636776
1.484051851
-17.717691465984114
1.492587947
-26.78466371763618
1.485963586
grid16_5.uai grid16_5.uai.evid 1 0 5 1000 1
194.84844651835147
75.898071611
194.84844651835147
75.92362625
194.84844651835147
77.14491536
194.84844651835147
78.908605745
194.84844651835147
77.096933528
194.84844651835147
79.472443825
194.84844651835147
80.224398827
194.84844651835147
76.595916314
194.84844651835147
78.724345879
194.84844651835147
78.101462818
2_17_s.binary.uai 2_17_s.binary.uai.evid 1 0 5 10000 0
-34.45364605559132
165.607310682
-34.831870917025554
165.361321569
-35.25751465400259
163.769389668
-30.96202052997783
163.446237946
-34.32069879148765
159.730477145
-33.21406912806998
161.146431499
-32.710625965510324
162.206550374
-35.64772637010138
160.659612344
-34.747163916938135
161.680406307
-32.69519506743946
162.805699097
2_28_s.binary.uai 2_28_s.binary.uai.evid 1 0 5 10000 0
