BAYES
100
2 2 2 2 2 2 2 2 2 2 2 2 2 2 2 2 2 2 2 2 2 2 2 2 2 2 2 2 2 2 2 2 2 2 2 2 2 2 2 2 2 2 2 2 2 2 2 2 2 2 2 2 2 2 2 2 2 2 2 2 2 2 2 2 2 2 2 2 2 2 2 2 2 2 2 2 2 2 2 2 2 2 2 2 2 2 2 2 2 2 2 2 2 2 2 2 2 2 2 2 
100
1 43 
2 43 54 
2 54 77 
2 77 92 
2 92 42 
2 42 5 
2 42 34 
2 42 8 
2 5 1 
2 5 85 
2 85 74 
2 8 83 
2 83 25 
2 83 28 
2 25 31 
2 25 50 
2 50 81 
2 28 76 
2 76 82 
2 82 29 
2 76 78 
2 82 18 
2 18 40 
2 76 7 
2 82 32 
2 77 56 
2 77 88 
2 88 58 
2 58 12 
2 12 53 
2 50 52 
2 28 14 
2 28 13 
2 18 93 
2 93 21 
2 13 26 
2 26 51 
2 51 27 
2 27 60 
2 60 63 
2 60 16 
2 16 68 
2 16 65 
2 16 15 
2 68 30 
2 60 2 
2 2 6 
2 16 55 
2 27 64 
2 64 75 
2 64 0 
2 75 94 
2 94 46 
2 94 17 
2 17 91 
2 91 90 
2 91 22 
2 22 10 
2 8 89 
2 10 9 
2 9 41 
2 13 45 
2 42 48 
2 30 44 
2 44 39 
2 39 99 
2 99 38 
2 7 24 
2 8 23 
2 23 80 
2 9 69 
2 69 97 
2 97 36 
2 36 61 
2 61 87 
2 61 47 
2 47 62 
2 47 49 
2 87 98 
2 8 20 
2 20 3 
2 6 96 
2 60 95 
2 95 72 
2 88 35 
2 24 67 
2 67 84 
2 5 11 
2 63 33 
2 33 70 
2 70 4 
2 89 86 
2 5 59 
2 78 73 
2 76 71 
2 53 66 
2 52 79 
2 65 37 
2 0 19 
2 17 57 

2
 0.49999999999999994 0.49999999999999994 

4
 0.9243027888446216 0.0756972111553785 
 0.029880478087649404 0.9701195219123505 

4
 0.6075156576200418 0.3924843423799583 
 0.44 0.56 

4
 0.43486590038314177 0.5651340996168582 
 0.7116182572614108 0.2883817427385892 

4
 0.7350877192982456 0.2649122807017544 
 0.26497695852534564 0.7350230414746544 

4
 0.8632958801498128 0.13670411985018727 
 0.12340425531914893 0.8765957446808511 

4
 0.795880149812734 0.20411985018726594 
 0.4680851063829788 0.5319148936170214 

4
 0.7153558052434457 0.2846441947565543 
 0.3872340425531915 0.6127659574468085 

4
 0.20616570327552985 0.7938342967244701 
 0.4742268041237114 0.5257731958762887 

4
 0.3063583815028902 0.6936416184971098 
 0.5752577319587628 0.42474226804123716 

4
 0.3812785388127854 0.6187214611872146 
 0.9840989399293285 0.015901060070671373 

4
 0.7588652482269503 0.24113475177304966 
 0.5295454545454545 0.4704545454545455 

4
 0.7534039334341905 0.24659606656580935 
 0.32653061224489793 0.673469387755102 

4
 0.6232980332829047 0.37670196671709527 
 0.19241982507288632 0.8075801749271136 

4
 0.6524590163934427 0.34754098360655744 
 0.2715736040609137 0.7284263959390864 

4
 0.30327868852459017 0.6967213114754098 
 0.583756345177665 0.41624365482233505 

4
 0.30361445783132535 0.6963855421686747 
 0.6027164685908319 0.39728353140916806 

4
 0.5753138075313807 0.4246861924686193 
 0.3269961977186312 0.6730038022813688 

4
 0.27069351230425054 0.7293064876957496 
 0.7145421903052065 0.28545780969479356 

4
 0.34296724470134876 0.6570327552986512 
 0.6597938144329897 0.3402061855670103 

4
 0.3176733780760627 0.6823266219239373 
 0.5978456014362658 0.4021543985637343 

4
 0.302504816955684 0.697495183044316 
 0.5670103092783505 0.4329896907216495 

4
 0.4236111111111111 0.5763888888888888 
 0.7832167832167832 0.2167832167832168 

4
 0.7181208053691275 0.28187919463087246 
 0.4631956912028725 0.5368043087971275 

4
 0.7109826589595376 0.2890173410404624 
 0.4865979381443299 0.51340206185567 

4
 0.24904214559386975 0.7509578544061302 
 0.045643153526970945 0.9543568464730291 

4
 0.30268199233716475 0.6973180076628352 
 0.516597510373444 0.483402489626556 

4
 0.49385749385749383 0.5061425061425061 
 0.7872696817420436 0.2127303182579564 

4
 0.293591654247392 0.706408345752608 
 0.927927927927928 0.07207207207207207 

4
 0.5197628458498024 0.48023715415019763 
 0.27710843373493976 0.7228915662650602 

4
 0.26987951807228916 0.7301204819277108 
 0.4838709677419355 0.5161290322580645 

4
 0.600418410041841 0.39958158995815896 
 0.3935361216730038 0.6064638783269962 

4
 0.6213389121338913 0.3786610878661088 
 0.42965779467680604 0.5703422053231939 

4
 0.150462962962963 0.849537037037037 
 0.32867132867132864 0.6713286713286714 

4
 0.1976284584980237 0.8023715415019763 
 0.7030625832223701 0.2969374167776298 

4
 0.6175908221797323 0.38240917782026773 
 0.4407484407484408 0.5592515592515592 

4
 0.3757009345794393 0.6242990654205608 
 0.7398720682302773 0.2601279317697229 

4
 0.4781021897810219 0.5218978102189781 
 0.6425438596491228 0.35745614035087714 

4
 0.1027027027027027 0.8972972972972972 
 0.36971046770601335 0.6302895322939867 

4
 0.17488789237668162 0.8251121076233184 
 0.6978233034571064 0.3021766965428937 

4
 0.2062780269058296 0.7937219730941704 
 0.6811779769526248 0.31882202304737517 

4
 0.9740484429065744 0.0259515570934256 
 0.2276995305164319 0.772300469483568 

4
 0.911764705882353 0.08823529411764705 
 0.3403755868544601 0.6596244131455399 

4
 0.9636678200692043 0.03633217993079585 
 0.4154929577464789 0.5845070422535211 

4
 0.55 0.45 
 0.22965116279069767 0.7703488372093024 

4
 0.6367713004484306 0.36322869955156956 
 0.8950064020486556 0.10499359795134441 

4
 0.9714625445897742 0.028537455410225916 
 0.49079754601227 0.5092024539877301 

4
 0.24221453287197228 0.7577854671280276 
 0.04694835680751172 0.9530516431924884 

4
 0.3945945945945946 0.6054054054054054 
 0.5701559020044543 0.4298440979955457 

4
 0.6631578947368422 0.3368421052631579 
 0.3837429111531191 0.6162570888468809 

4
 0.26315789473684204 0.7368421052631579 
 0.5141776937618148 0.4858223062381852 

4
 0.7258687258687259 0.27413127413127414 
 0.5102880658436214 0.4897119341563786 

4
 0.7564102564102564 0.24358974358974356 
 0.33157894736842103 0.668421052631579 

4
 0.653846153846154 0.34615384615384615 
 0.38421052631578945 0.6157894736842106 

4
 0.5812274368231047 0.4187725631768953 
 0.35777777777777775 0.6422222222222222 

4
 0.32091097308488614 0.6790890269151139 
 0.0019193857965451046 0.998080614203455 

4
 0.927536231884058 0.07246376811594203 
 0.7715930902111325 0.22840690978886755 

4
 0.23294117647058826 0.7670588235294118 
 0.5194805194805194 0.4805194805194805 

4
 0.31382978723404253 0.6861702127659575 
 0.4772727272727273 0.5227272727272727 

4
 0.5071942446043165 0.4928057553956835 
 0.3154269972451791 0.6845730027548209 

4
 0.5405405405405405 0.45945945945945943 
 0.720820189274448 0.27917981072555204 

4
 0.7648183556405354 0.23518164435946462 
 0.9147609147609147 0.08523908523908524 

4
 0.5224719101123596 0.47752808988764045 
 0.3659574468085106 0.6340425531914894 

4
 0.744343891402715 0.25565610859728505 
 0.8932384341637012 0.10676156583629894 

4
 0.38748495788206977 0.6125150421179302 
 0.04046242774566474 0.9595375722543352 

4
 0.6808510638297872 0.3191489361702128 
 0.49037037037037035 0.5096296296296297 

4
 0.5387387387387388 0.46126126126126127 
 0.23608017817371937 0.7639198218262806 

4
 0.07944732297063903 0.9205526770293609 
 0.2258823529411765 0.7741176470588235 

4
 0.5372340425531915 0.46276595744680854 
 0.38863636363636367 0.6113636363636363 

4
 0.3502109704641351 0.649789029535865 
 0.5245283018867924 0.47547169811320755 

4
 0.42702702702702705 0.572972972972973 
 0.5804416403785488 0.41955835962145105 

4
 0.4372623574144487 0.5627376425855514 
 0.6924686192468619 0.3075313807531381 

4
 0.28342245989304815 0.7165775401069518 
 0.5914221218961625 0.40857787810383744 

4
 0.669833729216152 0.33016627078384797 
 0.08061749571183535 0.9193825042881647 

4
 0.09422492401215807 0.9057750759878419 
 0.6681481481481482 0.33185185185185184 

4
 0.8085106382978723 0.1914893617021277 
 0.2651851851851852 0.7348148148148148 

4
 0.7955056179775282 0.2044943820224719 
 0.370304114490161 0.6296958855098391 

4
 0.5887640449438202 0.41123595505617977 
 0.8658318425760286 0.13416815742397137 

4
 0.2842323651452282 0.7157676348547718 
 0.5306513409961685 0.4693486590038314 

4
 0.3670212765957446 0.6329787234042552 
 0.509090909090909 0.4909090909090909 

4
 0.37587006960556846 0.6241299303944315 
 0.5270506108202443 0.47294938917975565 

4
 0.43924191750278707 0.5607580824972129 
 0.7757009345794392 0.22429906542056077 

4
 0.5067264573991032 0.49327354260089684 
 0.3201024327784891 0.6798975672215108 

4
 0.7245179063360883 0.27548209366391185 
 0.4165366614664587 0.5834633385335414 

4
 0.5503685503685504 0.44963144963144963 
 0.4170854271356784 0.5829145728643217 

4
 0.176056338028169 0.823943661971831 
 0.41415313225058004 0.58584686774942 

4
 0.5445026178010471 0.45549738219895286 
 0.41479099678456594 0.5852090032154341 

4
 0.3179190751445087 0.6820809248554913 
 0.4350515463917526 0.5649484536082474 

4
 0.3544520547945205 0.6455479452054794 
 0.4738095238095238 0.5261904761904762 

4
 0.5172413793103448 0.48275862068965514 
 0.3193979933110368 0.6806020066889632 

4
 0.5211970074812968 0.4788029925187033 
 0.6351575456053068 0.3648424543946932 

4
 0.7751937984496123 0.2248062015503876 
 0.8849270664505673 0.11507293354943274 

4
 0.6454720616570329 0.35452793834296725 
 0.5422680412371135 0.45773195876288664 

4
 0.35789473684210527 0.6421052631578947 
 0.4612476370510397 0.5387523629489603 

4
 0.5302013422818792 0.4697986577181208 
 0.4362657091561939 0.5637342908438061 

4
 0.5261845386533666 0.47381546134663344 
 0.615257048092869 0.38474295190713104 

4
 0.5843828715365239 0.4156171284634761 
 0.4975288303130148 0.5024711696869851 

4
 0.5074404761904762 0.4925595238095239 
 0.5963855421686747 0.4036144578313253 

4
 0.11838790931989926 0.8816120906801007 
 0.046128500823723245 0.9538714991762768 

4
 0.8898916967509025 0.11010830324909747 
 0.828888888888889 0.17111111111111113 

