BAYES
100
2 2 2 2 2 2 2 2 2 2 2 2 2 2 2 2 2 2 2 2 2 2 2 2 2 2 2 2 2 2 2 2 2 2 2 2 2 2 2 2 2 2 2 2 2 2 2 2 2 2 2 2 2 2 2 2 2 2 2 2 2 2 2 2 2 2 2 2 2 2 2 2 2 2 2 2 2 2 2 2 2 2 2 2 2 2 2 2 2 2 2 2 2 2 2 2 2 2 2 2 
100
1 43 
2 43 54 
2 54 77 
2 77 92 
2 92 42 
2 42 5 
2 42 34 
2 42 8 
2 5 1 
2 5 85 
2 85 74 
2 77 56 
2 8 89 
2 8 83 
2 83 25 
2 83 28 
2 25 31 
2 25 50 
2 50 81 
2 28 76 
2 76 82 
2 82 29 
2 76 78 
2 28 14 
2 76 7 
2 50 52 
2 82 18 
2 18 40 
2 18 93 
2 93 21 
2 77 88 
2 88 58 
2 58 12 
2 12 53 
2 28 13 
2 13 26 
2 26 51 
2 82 32 
2 77 9 
2 8 23 
2 42 48 
2 82 98 
2 98 87 
2 87 61 
2 61 36 
2 61 47 
2 47 62 
2 47 49 
2 36 97 
2 97 69 
2 23 80 
2 7 24 
2 13 45 
2 52 91 
2 91 90 
2 91 17 
2 17 94 
2 94 46 
2 94 75 
2 75 64 
2 64 0 
2 91 22 
2 22 10 
2 64 27 
2 27 60 
2 60 63 
2 60 16 
2 16 68 
2 16 65 
2 16 15 
2 68 30 
2 60 2 
2 2 6 
2 60 95 
2 95 72 
2 16 55 
2 8 20 
2 20 3 
2 30 44 
2 44 39 
2 39 99 
2 99 38 
2 53 66 
2 9 41 
2 63 33 
2 33 70 
2 70 4 
2 6 96 
2 89 86 
2 75 11 
2 52 79 
2 88 35 
2 29 73 
2 53 67 
2 67 84 
2 98 57 
2 1 71 
2 46 37 
2 0 19 
2 42 59 

2
 0.49590081983603285 0.5040991801639673 

4
 0.9312638580931264 0.06873614190687363 
 0.030933967876264123 0.969066032123736 

4
 0.6162060301507538 0.38379396984924624 
 0.43936495791889824 0.5606350420811017 

4
 0.40458015267175573 0.5954198473282443 
 0.7013014273719563 0.29869857262804367 

4
 0.7639626442043582 0.23603735579564186 
 0.2513757429011666 0.7486242570988333 

4
 0.8805043281896876 0.11949567181031238 
 0.12452025586353943 0.8754797441364606 

4
 0.8212269476853595 0.17877305231464058 
 0.4658848614072495 0.5341151385927505 

4
 0.7081294693263079 0.29187053067369223 
 0.40660980810234537 0.5933901918976545 

4
 0.19684590537716132 0.8031540946228388 
 0.48639527525838433 0.5136047247416157 

4
 0.31274938248147444 0.6872506175185256 
 0.5619067707234761 0.43809322927652394 

4
 0.3749419953596287 0.6250580046403711 
 0.9813839128907622 0.018616087109237796 

4
 0.24904580152671754 0.7509541984732824 
 0.04303106633081444 0.9569689336691857 

4
 0.29947089947089944 0.7005291005291006 
 0.5124596215966776 0.4875403784033226 

4
 0.7488536155202822 0.2511463844797178 
 0.5493770189201661 0.4506229810798339 

4
 0.7807454353402746 0.21925456465972534 
 0.3295824696476162 0.6704175303523838 

4
 0.5972536592726724 0.40274634072732757 
 0.183891027539236 0.816108972460764 

4
 0.6721806903133449 0.32781930968665496 
 0.3053537799300511 0.6946462200699488 

4
 0.30634642913949417 0.6936535708605058 
 0.615819209039548 0.384180790960452 

4
 0.29893238434163705 0.7010676156583631 
 0.6165140784245984 0.3834859215754016 

4
 0.5948897139113344 0.40511028608866567 
 0.35133640552995393 0.6486635944700461 

4
 0.2939524838012959 0.7060475161987041 
 0.7201339784145888 0.27986602158541124 

4
 0.35996941311412733 0.6400305868858727 
 0.6767232348627698 0.32327676513723025 

4
 0.3278617710583153 0.6721382289416846 
 0.6250465202828434 0.37495347971715665 

4
 0.6099585062240664 0.39004149377593367 
 0.3664516129032258 0.6335483870967742 

4
 0.6915766738660907 0.3084233261339092 
 0.449944175660588 0.5500558243394119 

4
 0.2697508896797153 0.7302491103202848 
 0.5154603558472965 0.4845396441527034 

4
 0.33894092907665846 0.6610590709233416 
 0.5485019903624555 0.4514980096375445 

4
 0.42814848553860163 0.5718515144613983 
 0.7753429538571174 0.22465704614288257 

4
 0.13163288544750626 0.8683671145524937 
 0.33262070194192056 0.6673792980580795 

4
 0.18895705521472392 0.811042944785276 
 0.7170260616483661 0.2829739383516338 

4
 0.31087786259541983 0.6891221374045802 
 0.5056675062972292 0.49433249370277077 

4
 0.5076770678553739 0.4923229321446261 
 0.759470331880657 0.24052966811934293 

4
 0.30937547485184624 0.6906245251481538 
 0.9228746713409289 0.07712532865907097 

4
 0.5597690086621752 0.44023099133782484 
 0.26346433770014555 0.7365356622998545 

4
 0.6293950644245467 0.37060493557545315 
 0.44202764976958525 0.5579723502304147 

4
 0.6268939393939394 0.37310606060606055 
 0.4185012701100762 0.5814987298899238 

4
 0.37223378097219595 0.627766219027804 
 0.7307610769556923 0.2692389230443078 

4
 0.6832345631810363 0.31676543681896385 
 0.5063901110412738 0.49360988895872615 

4
 0.44961832061068707 0.5503816793893129 
 0.28610411418975645 0.7138958858102434 

4
 0.5541446208112875 0.44585537918871254 
 0.39270881402861096 0.607291185971389 

4
 0.501881821603312 0.498118178396688 
 0.3434968017057569 0.6565031982942431 

4
 0.30892754731408906 0.6910724526859109 
 0.4640687198826734 0.5359312801173266 

4
 0.3698773166275124 0.6301226833724876 
 0.5865867487445326 0.41341325125546735 

4
 0.06530369194124654 0.9346963080587535 
 0.5296012887635924 0.47039871123640753 

4
 0.843528218992903 0.156471781007097 
 0.1964513839602555 0.8035486160397445 

4
 0.7735721527543088 0.22642784724569115 
 0.26217175301632367 0.7378282469836764 

4
 0.797147001934236 0.20285299806576404 
 0.37235855487389224 0.6276414451261076 

4
 0.5657640232108317 0.43423597678916825 
 0.856169052488071 0.1438309475119291 

4
 0.41005154639175256 0.5899484536082474 
 0.6783148269105159 0.321685173089484 

4
 0.4238468233246301 0.5761531766753699 
 0.665179619629021 0.3348203803709791 

4
 0.375103220478943 0.6248967795210569 
 0.5292635658914728 0.4707364341085271 

4
 0.0896797153024911 0.910320284697509 
 0.22878649635036497 0.771213503649635 

4
 0.7920454545454545 0.20795454545454545 
 0.9278154106689247 0.07218458933107534 

4
 0.5700072797864596 0.4299927202135404 
 0.4278429372768996 0.5721570627231004 

4
 0.3086724208795726 0.6913275791204275 
 0.003308680420397042 0.996691319579603 

4
 0.6656391286477599 0.33436087135224 
 0.4089139743090697 0.5910860256909304 

4
 0.7475655430711611 0.2524344569288389 
 0.486492281303602 0.5135077186963979 

4
 0.758824468934675 0.24117553106532502 
 0.3310179000801496 0.6689820999198504 

4
 0.6106053346110845 0.3893946653889155 
 0.3518567993588031 0.6481432006411969 

4
 0.6357976653696499 0.36420233463035023 
 0.3377878289473685 0.6622121710526316 

4
 0.28853593972714314 0.7114640602728569 
 0.5189475751030826 0.48105242489691735 

4
 0.9219071105630909 0.07809288943690917 
 0.7781237835733749 0.22187621642662514 

4
 0.2356199905704856 0.7643800094295143 
 0.525 0.475 

4
 0.47179800447973935 0.5282019955202606 
 0.6204594541527587 0.3795405458472413 

4
 0.11301807558882598 0.8869819244111741 
 0.37972166998011925 0.6202783300198806 

4
 0.169803250641574 0.830196749358426 
 0.7012783720323507 0.29872162796764934 

4
 0.19888793840889654 0.8011120615911036 
 0.6707539786068354 0.3292460213931646 

4
 0.9739611200285359 0.026038879971464243 
 0.2433477370934728 0.7566522629065271 

4
 0.9129659354378455 0.08703406456215446 
 0.32658630884694106 0.6734136911530588 

4
 0.9554128767611914 0.04458712323880862 
 0.4575847168523993 0.5424152831476007 

4
 0.566681978257541 0.4333180217424591 
 0.23668298301180535 0.7633170169881947 

4
 0.5688622754491017 0.43113772455089816 
 0.896034437777198 0.10396556222280198 

4
 0.9738992560068301 0.026100743993169903 
 0.4686980609418283 0.5313019390581717 

4
 0.5470487596236099 0.45295124037639006 
 0.32063657709366034 0.6793634229063397 

4
 0.6829007225046829 0.317099277495317 
 0.4255624700813786 0.5744375299186214 

4
 0.19850187265917604 0.8014981273408239 
 0.052763247668865136 0.9472367523311348 

4
 0.40335097001763665 0.5966490299823634 
 0.5429164743885556 0.4570835256114444 

4
 0.39267241379310347 0.6073275862068965 
 0.5507084265473527 0.44929157345264725 

4
 0.7554720318372762 0.24452796816272385 
 0.883415435139573 0.11658456486042694 

4
 0.37111030391088506 0.6288896960891148 
 0.04183381088825215 0.9581661891117479 

4
 0.6583811344805608 0.3416188655194391 
 0.4973783862510923 0.5026216137489077 

4
 0.5690567414705345 0.4309432585294654 
 0.23701083351757682 0.7629891664824231 

4
 0.5003592814371257 0.4996407185628743 
 0.6349288042545891 0.36507119574541086 

4
 0.5520301156224792 0.44796988437752083 
 0.6843277645186954 0.31567223548130463 

4
 0.34938506842196426 0.6506149315780356 
 0.4745922949657292 0.5254077050342708 

4
 0.5103105590062111 0.4896894409937888 
 0.325974243184479 0.674025756815521 

4
 0.5385960529602798 0.4614039470397202 
 0.6658890184969173 0.3341109815030828 

4
 0.4402672404031253 0.5597327595968745 
 0.7144075021312873 0.2855924978687127 

4
 0.7751977545292166 0.2248022454707833 
 0.8920295809367297 0.10797041906327035 

4
 0.31186770428015564 0.6881322957198444 
 0.42865953947368424 0.5713404605263158 

4
 0.6088328075709779 0.3911671924290221 
 0.49906510283868777 0.5009348971613122 

4
 0.532194155522536 0.46780584447746415 
 0.4287629902782434 0.5712370097217566 

4
 0.37238411891257583 0.6276158810874242 
 0.46759353915354734 0.5324064608464527 

4
 0.42730538922155686 0.5726946107784431 
 0.3336764453594098 0.6663235546405901 

4
 0.5181013676588898 0.48189863234111024 
 0.4068525896414342 0.5931474103585658 

4
 0.8178021404333073 0.18219785956669277 
 0.9058804471083752 0.0941195528916248 

4
 0.5445840813883901 0.45541591861160974 
 0.45121585109576706 0.548784148904233 

4
 0.5562604340567613 0.4437395659432387 
 0.4730941704035875 0.5269058295964125 

4
 0.1270935960591133 0.8729064039408867 
 0.06140646029609691 0.938593539703903 

4
 0.5961610839292435 0.40383891607075645 
 0.535820895522388 0.4641791044776119 

