BAYES
100
2 2 2 2 2 2 2 2 2 2 2 2 2 2 2 2 2 2 2 2 2 2 2 2 2 2 2 2 2 2 2 2 2 2 2 2 2 2 2 2 2 2 2 2 2 2 2 2 2 2 2 2 2 2 2 2 2 2 2 2 2 2 2 2 2 2 2 2 2 2 2 2 2 2 2 2 2 2 2 2 2 2 2 2 2 2 2 2 2 2 2 2 2 2 2 2 2 2 2 2 
100
1 43 
2 43 54 
2 54 51 
2 51 26 
2 26 64 
2 64 75 
2 75 94 
2 94 46 
2 46 32 
2 32 18 
2 18 40 
2 40 34 
2 18 93 
2 93 21 
2 21 85 
2 85 74 
2 18 71 
2 32 98 
2 98 87 
2 87 61 
2 61 36 
2 61 47 
2 36 97 
2 47 62 
2 97 69 
2 47 12 
2 12 58 
2 58 88 
2 88 99 
2 88 23 
2 32 82 
2 82 29 
2 82 76 
2 76 78 
2 82 83 
2 83 28 
2 83 25 
2 83 14 
2 25 31 
2 31 53 
2 53 92 
2 92 42 
2 42 5 
2 42 8 
2 42 59 
2 83 66 
2 25 50 
2 50 81 
2 28 13 
2 28 35 
2 35 89 
2 89 33 
2 33 11 
2 29 84 
2 32 2 
2 2 6 
2 33 15 
2 15 16 
2 16 68 
2 16 65 
2 68 30 
2 16 60 
2 60 63 
2 60 27 
2 32 38 
2 12 7 
2 32 41 
2 41 9 
2 92 20 
2 34 77 
2 77 56 
2 16 17 
2 17 91 
2 91 90 
2 13 80 
2 50 52 
2 52 4 
2 52 73 
2 99 39 
2 39 45 
2 31 96 
2 96 1 
2 1 72 
2 72 95 
2 95 48 
2 38 79 
2 35 3 
2 36 37 
2 84 67 
2 26 10 
2 10 22 
2 25 55 
2 66 57 
2 47 49 
2 37 70 
2 10 19 
2 63 0 
2 30 44 
2 18 86 
2 54 24 

2
 0.4803921568627451 0.519607843137255 

4
 0.86 0.14 
 0.037037037037037035 0.9629629629629629 

4
 0.7555555555555555 0.2444444444444444 
 0.5423728813559322 0.4576271186440678 

4
 0.3939393939393939 0.6060606060606061 
 0.7368421052631579 0.26315789473684204 

4
 0.537037037037037 0.4629629629629629 
 0.29999999999999993 0.7 

4
 0.6363636363636362 0.3636363636363636 
 0.3666666666666667 0.6333333333333333 

4
 0.8 0.2 
 0.4814814814814815 0.5185185185185186 

4
 0.7272727272727273 0.2727272727272727 
 0.34210526315789475 0.6578947368421053 

4
 0.5409836065573771 0.45901639344262296 
 0.7906976744186047 0.20930232558139533 

4
 0.32835820895522383 0.6716417910447761 
 0.6756756756756757 0.3243243243243244 

4
 0.3829787234042553 0.6170212765957447 
 0.7543859649122807 0.24561403508771928 

4
 0.3770491803278688 0.6229508196721312 
 0.7906976744186047 0.20930232558139533 

4
 0.1276595744680851 0.8723404255319149 
 0.4035087719298246 0.5964912280701755 

4
 0.13793103448275867 0.8620689655172414 
 0.6666666666666667 0.33333333333333337 

4
 0.6111111111111112 0.38888888888888884 
 0.27999999999999997 0.72 

4
 0.5531914893617023 0.4468085106382979 
 0.9824561403508772 0.017543859649122806 

4
 0.2978723404255319 0.7021276595744681 
 0.5789473684210527 0.42105263157894735 

4
 0.5074626865671642 0.4925373134328358 
 0.21621621621621626 0.7837837837837838 

4
 0.3095238095238095 0.6904761904761905 
 0.7258064516129032 0.27419354838709675 

4
 0.08620689655172416 0.9137931034482759 
 0.5652173913043479 0.4347826086956522 

4
 0.8709677419354839 0.1290322580645161 
 0.2054794520547945 0.7945205479452055 

4
 0.8387096774193549 0.16129032258064516 
 0.2054794520547945 0.7945205479452055 

4
 0.2857142857142857 0.7142857142857143 
 0.7258064516129032 0.27419354838709675 

4
 0.7804878048780488 0.21951219512195125 
 0.3809523809523809 0.6190476190476191 

4
 0.3508771929824562 0.649122807017544 
 0.6595744680851063 0.34042553191489366 

4
 0.6829268292682927 0.3170731707317073 
 0.4126984126984127 0.5873015873015873 

4
 0.4814814814814815 0.5185185185185186 
 0.9400000000000001 0.06 

4
 0.3561643835616438 0.6438356164383562 
 0.7419354838709677 0.25806451612903225 

4
 0.7551020408163265 0.24489795918367346 
 0.4 0.6 

4
 0.30612244897959184 0.6938775510204082 
 0.6181818181818182 0.38181818181818183 

4
 0.626865671641791 0.3731343283582089 
 0.3513513513513514 0.6486486486486487 

4
 0.3636363636363636 0.6363636363636362 
 0.653061224489796 0.3469387755102041 

4
 0.3454545454545455 0.6545454545454545 
 0.6326530612244898 0.3673469387755102 

4
 0.24 0.76 
 0.5925925925925926 0.4074074074074074 

4
 0.7454545454545456 0.25454545454545463 
 0.4693877551020408 0.5306122448979592 

4
 0.671875 0.328125 
 0.125 0.875 

4
 0.7031250000000001 0.296875 
 0.225 0.775 

4
 0.7343749999999999 0.26562500000000006 
 0.4 0.6 

4
 0.6296296296296297 0.37037037037037035 
 0.31999999999999995 0.6799999999999999 

4
 0.5 0.5 
 0.2037037037037037 0.7962962962962963 

4
 0.36111111111111116 0.6388888888888888 
 0.6617647058823529 0.3382352941176471 

4
 0.7241379310344828 0.27586206896551724 
 0.23913043478260868 0.7608695652173914 

4
 0.7924528301886793 0.20754716981132076 
 0.09803921568627452 0.9019607843137254 

4
 0.7735849056603773 0.22641509433962267 
 0.29411764705882354 0.7058823529411765 

4
 0.7547169811320755 0.2452830188679245 
 0.45098039215686275 0.5490196078431373 

4
 0.515625 0.48437499999999994 
 0.8 0.2 

4
 0.2777777777777778 0.7222222222222222 
 0.54 0.45999999999999996 

4
 0.3095238095238095 0.6904761904761905 
 0.6129032258064516 0.3870967741935484 

4
 0.6458333333333334 0.35416666666666663 
 0.3928571428571429 0.6071428571428572 

4
 0.35416666666666663 0.6458333333333334 
 0.6071428571428572 0.3928571428571429 

4
 0.47058823529411764 0.5294117647058824 
 0.20754716981132076 0.7924528301886793 

4
 0.6571428571428571 0.34285714285714286 
 0.3188405797101449 0.681159420289855 

4
 0.2888888888888889 0.711111111111111 
 0.5423728813559322 0.4576271186440678 

4
 0.6346153846153847 0.3653846153846154 
 0.3846153846153846 0.6153846153846154 

4
 0.9253731343283582 0.07462686567164178 
 0.6756756756756757 0.3243243243243244 

4
 0.9885057471264368 0.01149425287356322 
 0.5294117647058824 0.47058823529411764 

4
 0.5333333333333333 0.4666666666666667 
 0.7796610169491526 0.22033898305084748 

4
 0.6857142857142857 0.3142857142857143 
 0.08823529411764705 0.911764705882353 

4
 0.9803921568627451 0.01960784313725491 
 0.3018867924528302 0.6981132075471698 

4
 0.8823529411764706 0.11764705882352941 
 0.3207547169811321 0.679245283018868 

4
 0.5606060606060606 0.43939393939393945 
 0.15789473684210525 0.8421052631578947 

4
 0.05882352941176471 0.9411764705882353 
 0.37735849056603776 0.6226415094339622 

4
 0.04347826086956522 0.9565217391304348 
 0.6172839506172839 0.38271604938271603 

4
 0.26086956521739135 0.7391304347826086 
 0.6296296296296297 0.37037037037037035 

4
 0.4477611940298507 0.5522388059701492 
 0.1891891891891892 0.8108108108108107 

4
 0.7407407407407408 0.2592592592592593 
 0.5 0.5 

4
 0.6417910447761194 0.3582089552238806 
 0.8918918918918918 0.10810810810810811 

4
 0.23684210526315785 0.7631578947368421 
 0.5357142857142857 0.4642857142857143 

4
 0.5 0.5 
 0.26086956521739135 0.7391304347826086 

4
 0.4035087719298246 0.5964912280701755 
 0.6382978723404256 0.36170212765957444 

4
 0.3584905660377358 0.6415094339622641 
 0.05882352941176471 0.9411764705882353 

4
 0.6078431372549019 0.39215686274509803 
 0.37735849056603776 0.6226415094339622 

4
 0.7254901960784312 0.27450980392156865 
 0.3584905660377358 0.6415094339622641 

4
 0.2857142857142857 0.7142857142857143 
 0.020833333333333336 0.9791666666666667 

4
 0.339622641509434 0.6603773584905661 
 0.5686274509803921 0.43137254901960786 

4
 0.2380952380952381 0.7619047619047619 
 0.46774193548387094 0.532258064516129 

4
 0.7435897435897436 0.2564102564102564 
 0.49230769230769234 0.5076923076923077 

4
 0.28205128205128205 0.717948717948718 
 0.5230769230769231 0.47692307692307695 

4
 0.423728813559322 0.576271186440678 
 0.2 0.8 

4
 0.6176470588235294 0.38235294117647056 
 0.8571428571428571 0.14285714285714285 

4
 0.7 0.29999999999999993 
 0.4814814814814815 0.5185185185185186 

4
 0.2295081967213115 0.7704918032786885 
 0.46511627906976744 0.5348837209302325 

4
 0.6764705882352942 0.3235294117647059 
 0.4142857142857143 0.5857142857142857 

4
 0.44230769230769224 0.5576923076923077 
 0.1730769230769231 0.826923076923077 

4
 0.625 0.375 
 0.375 0.625 

4
 0.3783783783783784 0.6216216216216216 
 0.6119402985074627 0.3880597014925373 

4
 0.6274509803921569 0.37254901960784315 
 0.41509433962264153 0.5849056603773585 

4
 0.6190476190476191 0.3809523809523809 
 0.4032258064516129 0.5967741935483871 

4
 0.39622641509433965 0.6037735849056604 
 0.19607843137254902 0.803921568627451 

4
 0.31481481481481477 0.6851851851851852 
 0.11999999999999998 0.8800000000000001 

4
 0.6521739130434783 0.34782608695652173 
 0.9135802469135803 0.08641975308641972 

4
 0.07407407407407407 0.9259259259259258 
 0.26 0.74 

4
 0.8923076923076924 0.10769230769230768 
 0.6923076923076922 0.30769230769230765 

4
 0.6585365853658536 0.3414634146341463 
 0.8571428571428571 0.14285714285714285 

4
 0.39215686274509803 0.6078431372549019 
 0.20754716981132076 0.7924528301886793 

4
 0.26086956521739135 0.7391304347826086 
 0.037037037037037035 0.9629629629629629 

4
 0.27450980392156865 0.7254901960784312 
 0.45283018867924535 0.5471698113207548 

4
 0.7209302325581395 0.2790697674418604 
 0.8852459016393444 0.11475409836065573 

4
 0.7872340425531916 0.21276595744680854 
 0.9298245614035088 0.07017543859649124 

4
 0.17777777777777778 0.8222222222222222 
 0.05084745762711866 0.9491525423728814 

