BAYES
100
2 2 2 2 2 2 2 2 2 2 2 2 2 2 2 2 2 2 2 2 2 2 2 2 2 2 2 2 2 2 2 2 2 2 2 2 2 2 2 2 2 2 2 2 2 2 2 2 2 2 2 2 2 2 2 2 2 2 2 2 2 2 2 2 2 2 2 2 2 2 2 2 2 2 2 2 2 2 2 2 2 2 2 2 2 2 2 2 2 2 2 2 2 2 2 2 2 2 2 2 
100
1 5 
2 5 42 
2 5 78 
2 78 48 
2 5 7 
2 7 84 
2 84 35 
2 84 71 
2 7 56 
2 56 81 
2 5 46 
2 46 97 
2 97 31 
2 31 69 
2 69 40 
2 40 18 
2 18 3 
2 3 32 
2 3 76 
2 3 99 
2 40 34 
2 69 95 
2 18 29 
2 29 82 
2 32 2 
2 69 1 
2 1 80 
2 80 20 
2 20 54 
2 20 58 
2 54 43 
2 58 12 
2 12 67 
2 12 88 
2 69 91 
2 99 65 
2 1 73 
2 12 57 
2 29 62 
2 62 94 
2 43 45 
2 45 85 
2 85 11 
2 11 26 
2 26 83 
2 83 14 
2 57 23 
2 23 25 
2 23 63 
2 62 15 
2 62 39 
2 73 24 
2 11 90 
2 58 33 
2 33 27 
2 58 47 
2 47 98 
2 98 21 
2 21 9 
2 9 41 
2 9 93 
2 21 87 
2 58 52 
2 52 92 
2 92 53 
2 53 38 
2 38 79 
2 79 37 
2 79 4 
2 79 77 
2 77 16 
2 16 68 
2 16 75 
2 2 28 
2 3 36 
2 7 59 
2 12 72 
2 72 89 
2 89 17 
2 89 64 
2 14 96 
2 36 13 
2 4 55 
2 55 66 
2 25 50 
2 50 86 
2 27 30 
2 47 70 
2 9 8 
2 8 10 
2 30 22 
2 45 6 
2 45 60 
2 50 44 
2 55 49 
2 62 51 
2 51 61 
2 6 0 
2 0 19 
2 0 74 

2
 0.5 0.5 

4
 0.8571428571428571 0.14285714285714285 
 0.14285714285714285 0.8571428571428571 

4
 0.14285714285714285 0.8571428571428571 
 0.7142857142857143 0.2857142857142857 

4
 0.8333333333333334 0.16666666666666666 
 0.24999999999999994 0.7499999999999999 

4
 0.42857142857142855 0.5714285714285714 
 0.8571428571428571 0.14285714285714285 

4
 0.7777777777777779 0.2222222222222222 
 0.2 0.8 

4
 0.24999999999999994 0.7499999999999999 
 0.8333333333333334 0.16666666666666666 

4
 0.7499999999999999 0.24999999999999994 
 0.16666666666666666 0.8333333333333334 

4
 0.1111111111111111 0.8888888888888888 
 0.6 0.4 

4
 0.24999999999999994 0.7499999999999999 
 0.8 0.2 

4
 0.42857142857142855 0.5714285714285714 
 0.8571428571428571 0.14285714285714285 

4
 0.7777777777777779 0.2222222222222222 
 0.2 0.8 

4
 0.24999999999999994 0.7499999999999999 
 0.8333333333333334 0.16666666666666666 

4
 0.8571428571428571 0.14285714285714285 
 0.2857142857142857 0.7142857142857143 

4
 0.24999999999999994 0.7499999999999999 
 0.8333333333333334 0.16666666666666666 

4
 0.2857142857142857 0.7142857142857143 
 0.8571428571428571 0.14285714285714285 

4
 0.24999999999999994 0.7499999999999999 
 0.8333333333333334 0.16666666666666666 

4
 0.8571428571428571 0.14285714285714285 
 0.2857142857142857 0.7142857142857143 

4
 0.14285714285714285 0.8571428571428571 
 0.7142857142857143 0.2857142857142857 

4
 0.8571428571428571 0.14285714285714285 
 0.2857142857142857 0.7142857142857143 

4
 0.14285714285714285 0.8571428571428571 
 0.7142857142857143 0.2857142857142857 

4
 0.24999999999999994 0.7499999999999999 
 0.8333333333333334 0.16666666666666666 

4
 0.875 0.125 
 0.33333333333333337 0.6666666666666667 

4
 0.1111111111111111 0.8888888888888888 
 0.8 0.2 

4
 0.875 0.125 
 0.33333333333333337 0.6666666666666667 

4
 0.125 0.875 
 0.6666666666666667 0.33333333333333337 

4
 0.2 0.8 
 0.7777777777777779 0.2222222222222222 

4
 0.24999999999999994 0.7499999999999999 
 0.8333333333333334 0.16666666666666666 

4
 0.8571428571428571 0.14285714285714285 
 0.2857142857142857 0.7142857142857143 

4
 0.7142857142857143 0.2857142857142857 
 0.14285714285714285 0.8571428571428571 

4
 0.875 0.125 
 0.33333333333333337 0.6666666666666667 

4
 0.33333333333333337 0.6666666666666667 
 0.875 0.125 

4
 0.1111111111111111 0.8888888888888888 
 0.8 0.2 

4
 0.7777777777777779 0.2222222222222222 
 0.2 0.8 

4
 0.875 0.125 
 0.33333333333333337 0.6666666666666667 

4
 0.875 0.125 
 0.33333333333333337 0.6666666666666667 

4
 0.6 0.4 
 0.1111111111111111 0.8888888888888888 

4
 0.8888888888888888 0.1111111111111111 
 0.4 0.6 

4
 0.8888888888888888 0.1111111111111111 
 0.4 0.6 

4
 0.8999999999999999 0.1 
 0.24999999999999994 0.7499999999999999 

4
 0.8888888888888888 0.1111111111111111 
 0.4 0.6 

4
 0.8 0.2 
 0.24999999999999994 0.7499999999999999 

4
 0.2222222222222222 0.7777777777777779 
 0.8 0.2 

4
 0.16666666666666666 0.8333333333333334 
 0.7499999999999999 0.24999999999999994 

4
 0.8571428571428571 0.14285714285714285 
 0.2857142857142857 0.7142857142857143 

4
 0.7499999999999999 0.24999999999999994 
 0.16666666666666666 0.8333333333333334 

4
 0.2 0.8 
 0.7499999999999999 0.24999999999999994 

4
 0.2 0.8 
 0.7777777777777779 0.2222222222222222 

4
 0.2 0.8 
 0.7777777777777779 0.2222222222222222 

4
 0.8 0.2 
 0.24999999999999994 0.7499999999999999 

4
 0.2 0.8 
 0.7499999999999999 0.24999999999999994 

4
 0.7499999999999999 0.24999999999999994 
 0.2 0.8 

4
 0.16666666666666666 0.8333333333333334 
 0.625 0.375 

4
 0.8333333333333334 0.16666666666666666 
 0.375 0.625 

4
 0.625 0.375 
 0.16666666666666666 0.8333333333333334 

4
 0.16666666666666666 0.8333333333333334 
 0.625 0.375 

4
 0.16666666666666666 0.8333333333333334 
 0.625 0.375 

4
 0.33333333333333337 0.6666666666666667 
 0.875 0.125 

4
 0.1111111111111111 0.8888888888888888 
 0.6 0.4 

4
 0.24999999999999994 0.7499999999999999 
 0.8999999999999999 0.1 

4
 0.7499999999999999 0.24999999999999994 
 0.1 0.8999999999999999 

4
 0.8888888888888888 0.1111111111111111 
 0.4 0.6 

4
 0.16666666666666666 0.8333333333333334 
 0.625 0.375 

4
 0.16666666666666666 0.8333333333333334 
 0.625 0.375 

4
 0.16666666666666666 0.8333333333333334 
 0.625 0.375 

4
 0.16666666666666666 0.8333333333333334 
 0.625 0.375 

4
 0.16666666666666666 0.8333333333333334 
 0.625 0.375 

4
 0.6666666666666667 0.33333333333333337 
 0.125 0.875 

4
 0.8333333333333334 0.16666666666666666 
 0.375 0.625 

4
 0.8333333333333334 0.16666666666666666 
 0.375 0.625 

4
 0.24999999999999994 0.7499999999999999 
 0.8333333333333334 0.16666666666666666 

4
 0.8571428571428571 0.14285714285714285 
 0.14285714285714285 0.8571428571428571 

4
 0.8571428571428571 0.14285714285714285 
 0.14285714285714285 0.8571428571428571 

4
 0.33333333333333337 0.6666666666666667 
 0.8 0.2 

4
 0.5714285714285714 0.42857142857142855 
 0.14285714285714285 0.8571428571428571 

4
 0.33333333333333337 0.6666666666666667 
 0.8 0.2 

4
 0.33333333333333337 0.6666666666666667 
 0.8 0.2 

4
 0.8571428571428571 0.14285714285714285 
 0.2857142857142857 0.7142857142857143 

4
 0.24999999999999994 0.7499999999999999 
 0.8333333333333334 0.16666666666666666 

4
 0.125 0.875 
 0.6666666666666667 0.33333333333333337 

4
 0.42857142857142855 0.5714285714285714 
 0.8571428571428571 0.14285714285714285 

4
 0.2 0.8 
 0.6666666666666667 0.33333333333333337 

4
 0.125 0.875 
 0.5 0.5 

4
 0.24999999999999994 0.7499999999999999 
 0.8999999999999999 0.1 

4
 0.125 0.875 
 0.5 0.5 

4
 0.24999999999999994 0.7499999999999999 
 0.8999999999999999 0.1 

4
 0.5 0.5 
 0.125 0.875 

4
 0.5 0.5 
 0.125 0.875 

4
 0.5 0.5 
 0.1 0.8999999999999999 

4
 0.6666666666666667 0.33333333333333337 
 0.09090909090909094 0.9090909090909091 

4
 0.5 0.5 
 0.8999999999999999 0.1 

4
 0.8999999999999999 0.1 
 0.5 0.5 

4
 0.1 0.8999999999999999 
 0.5 0.5 

4
 0.5 0.5 
 0.8999999999999999 0.1 

4
 0.5 0.5 
 0.8999999999999999 0.1 

4
 0.8999999999999999 0.1 
 0.5 0.5 

4
 0.09090909090909094 0.9090909090909091 
 0.6666666666666667 0.33333333333333337 

4
 0.09090909090909094 0.9090909090909091 
 0.33333333333333337 0.6666666666666667 

4
 0.5 0.5 
 0.08333333333333331 0.9166666666666667 

4
 0.5 0.5 
 0.9166666666666667 0.08333333333333331 

