BAYES
400
2 2 2 2 2 2 2 2 2 2 2 2 2 2 2 2 2 2 2 2 2 2 2 2 2 2 2 2 2 2 2 2 2 2 2 2 2 2 2 2 2 2 2 2 2 2 2 2 2 2 2 2 2 2 2 2 2 2 2 2 2 2 2 2 2 2 2 2 2 2 2 2 2 2 2 2 2 2 2 2 2 2 2 2 2 2 2 2 2 2 2 2 2 2 2 2 2 2 2 2 2 2 2 2 2 2 2 2 2 2 2 2 2 2 2 2 2 2 2 2 2 2 2 2 2 2 2 2 2 2 2 2 2 2 2 2 2 2 2 2 2 2 2 2 2 2 2 2 2 2 2 2 2 2 2 2 2 2 2 2 2 2 2 2 2 2 2 2 2 2 2 2 2 2 2 2 2 2 2 2 2 2 2 2 2 2 2 2 2 2 2 2 2 2 2 2 2 2 2 2 2 2 2 2 2 2 2 2 2 2 2 2 2 2 2 2 2 2 2 2 2 2 2 2 2 2 2 2 2 2 2 2 2 2 2 2 2 2 2 2 2 2 2 2 2 2 2 2 2 2 2 2 2 2 2 2 2 2 2 2 2 2 2 2 2 2 2 2 2 2 2 2 2 2 2 2 2 2 2 2 2 2 2 2 2 2 2 2 2 2 2 2 2 2 2 2 2 2 2 2 2 2 2 2 2 2 2 2 2 2 2 2 2 2 2 2 2 2 2 2 2 2 2 2 2 2 2 2 2 2 2 2 2 2 2 2 2 2 2 2 2 2 2 2 2 2 2 2 2 2 2 2 2 2 2 2 2 2 2 2 2 2 2 2 2 2 2 2 2 2 2 2 2 2 2 2 2 2 2 2 2 2 2 2 2 2 2 2 2 2 2 2 2 2 2 2 2 2 2 2 
400
3 7 177 0 
3 0 175 1 
3 1 174 2 
3 2 192 3 
3 242 199 4 
3 4 198 5 
3 5 197 6 
3 6 196 7 
3 3 191 8 
3 8 190 9 
3 13 229 10 
3 10 228 11 
3 70 227 12 
3 12 226 13 
3 17 233 14 
3 14 232 15 
3 11 173 16 
3 16 230 17 
3 15 220 18 
3 18 219 19 
3 23 244 20 
3 20 243 21 
3 25 258 22 
3 22 257 23 
3 27 256 24 
3 24 255 25 
3 29 254 26 
3 26 253 27 
3 231 252 28 
3 28 251 29 
3 243 152 30 
2 380 31 
3 31 381 32 
3 32 382 33 
3 33 376 34 
3 34 377 35 
3 35 378 36 
3 36 379 37 
3 37 374 38 
3 38 375 39 
3 49 268 40 
3 40 267 41 
3 218 262 42 
3 42 261 43 
3 43 260 44 
3 44 259 45 
3 45 266 46 
3 46 265 47 
3 47 264 48 
3 48 263 49 
3 55 138 50 
3 50 137 51 
3 58 131 52 
3 52 130 53 
3 53 133 54 
3 54 132 55 
2 134 56 
3 56 136 57 
3 57 135 58 
2 61 59 
2 59 60 
1 61 
2 65 62 
2 62 63 
2 60 64 
2 64 65 
2 63 66 
2 66 67 
3 21 30 68 
3 77 150 69 
3 69 149 70 
2 142 71 
3 71 144 72 
3 72 143 73 
3 73 139 74 
3 74 145 75 
3 75 148 76 
3 76 147 77 
3 81 159 78 
3 78 158 79 
3 83 280 80 
3 80 151 81 
3 85 154 82 
3 82 153 83 
3 86 156 84 
3 84 155 85 
2 157 86 
3 88 11 87 
3 89 10 88 
3 90 13 89 
3 167 12 90 
3 92 15 91 
3 93 14 92 
3 94 17 93 
3 87 16 94 
3 398 9 95 
3 195 348 96 
3 98 19 97 
3 91 18 98 
3 96 347 99 
3 99 350 100 
3 100 349 101 
3 108 168 102 
3 102 167 103 
3 186 146 104 
3 169 160 105 
2 162 106 
3 110 164 107 
3 107 163 108 
3 105 356 109 
3 109 165 110 
3 9 170 111 
3 113 5 112 
3 303 4 113 
3 115 7 114 
3 112 6 115 
3 117 1 116 
3 114 0 117 
3 119 3 118 
3 116 2 119 
3 121 285 120 
3 126 284 121 
3 123 287 122 
3 120 286 123 
3 125 289 124 
3 137 288 125 
3 127 291 126 
3 124 290 127 
3 129 293 128 
3 122 292 129 
3 131 65 130 
3 135 64 131 
3 133 63 132 
3 130 62 133 
2 61 134 
3 136 60 135 
3 134 59 136 
3 138 67 137 
3 132 66 138 
3 143 82 139 
2 293 140 
3 97 385 141 
2 86 142 
3 144 85 143 
3 142 84 144 
3 139 83 145 
3 41 176 146 
3 148 81 147 
3 145 80 148 
3 150 79 149 
3 147 78 150 
3 280 55 151 
3 271 141 152 
3 154 53 153 
3 155 52 154 
3 156 58 155 
3 157 57 156 
2 56 157 
3 159 51 158 
3 151 50 159 
3 294 73 160 
3 171 329 161 
2 71 162 
3 164 77 163 
3 165 76 164 
3 356 75 165 
3 161 328 166 
3 168 70 167 
3 163 69 168 
3 106 294 169 
3 190 399 170 
3 224 333 171 
3 222 327 172 
3 228 394 173 
3 175 370 174 
3 177 373 175 
3 267 68 176 
3 196 372 177 
3 179 47 178 
3 184 46 179 
3 181 49 180 
3 178 48 181 
3 183 43 182 
3 351 42 183 
3 185 45 184 
3 182 44 185 
3 187 41 186 
3 180 40 187 
3 101 352 188 
3 188 351 189 
3 191 365 190 
3 192 364 191 
3 174 371 192 
2 344 193 
3 193 346 194 
3 194 345 195 
3 197 367 196 
3 198 366 197 
3 199 369 198 
3 335 368 199 
3 201 306 200 
3 202 305 201 
3 203 308 202 
3 204 307 203 
3 205 310 204 
3 206 309 205 
3 207 312 206 
3 208 311 207 
3 209 314 208 
3 158 313 209 
3 212 320 210 
3 210 319 211 
2 321 212 
3 216 323 213 
3 213 322 214 
3 211 325 215 
3 215 324 216 
3 214 318 217 
3 217 317 218 
3 220 389 219 
3 232 388 220 
3 166 331 221 
3 221 330 222 
2 332 223 
3 223 334 224 
3 306 281 225 
3 227 391 226 
3 149 390 227 
3 229 393 228 
3 226 392 229 
3 173 395 230 
3 172 326 231 
3 233 397 232 
3 230 396 233 
3 237 338 234 
3 234 337 235 
3 239 340 236 
3 236 339 237 
3 240 342 238 
3 238 341 239 
2 343 240 
3 235 336 241 
3 241 335 242 
3 244 271 243 
3 257 270 244 
3 248 117 245 
3 245 116 246 
3 250 115 247 
3 247 114 248 
3 375 113 249 
3 249 112 250 
3 252 277 251 
3 326 276 252 
3 254 279 253 
3 251 278 254 
3 256 273 255 
3 253 272 256 
3 258 275 257 
3 255 274 258 
3 260 27 259 
3 261 26 260 
3 262 29 261 
3 317 28 262 
3 264 23 263 
3 265 22 264 
3 266 25 265 
3 259 24 266 
3 268 21 267 
3 263 20 268 
3 389 282 269 
3 275 98 270 
3 270 97 271 
3 279 94 272 
3 272 93 273 
3 273 92 274 
3 274 91 275 
3 103 90 276 
3 276 89 277 
3 277 88 278 
3 278 87 279 
3 153 54 280 
3 128 140 281 
3 200 225 282 
3 363 118 283 
2 291 284 
2 284 285 
2 285 286 
2 286 287 
2 67 288 
2 288 289 
2 289 290 
2 290 291 
2 287 292 
2 292 293 
3 162 72 294 
3 316 387 295 
3 297 237 296 
3 301 236 297 
3 299 235 298 
3 296 234 299 
2 240 300 
3 302 239 301 
3 300 238 302 
3 304 242 303 
3 298 241 304 
3 308 129 305 
3 305 128 306 
3 310 123 307 
3 307 122 308 
3 312 121 309 
3 309 120 310 
3 314 127 311 
3 311 126 312 
3 51 125 313 
3 313 124 314 
3 283 398 315 
3 315 95 316 
3 318 231 317 
3 322 172 318 
3 320 171 319 
3 321 224 320 
2 223 321 
3 323 222 322 
3 324 221 323 
3 325 166 324 
3 319 161 325 
3 327 103 326 
3 330 102 327 
3 329 110 328 
3 333 109 329 
3 331 108 330 
3 328 107 331 
2 106 332 
3 334 105 333 
3 332 169 334 
3 336 189 335 
3 337 188 336 
3 338 101 337 
3 339 100 338 
3 340 99 339 
3 341 96 340 
3 342 195 341 
3 343 194 342 
2 193 343 
2 212 344 
3 346 211 345 
3 344 210 346 
3 348 216 347 
3 345 215 348 
3 350 214 349 
3 347 213 350 
3 352 218 351 
3 349 217 352 
3 383 247 353 
3 353 248 354 
3 39 249 355 
3 160 74 356 
3 360 363 357 
3 357 283 358 
3 354 245 359 
3 359 246 360 
3 358 315 361 
3 361 316 362 
3 246 119 363 
3 371 187 364 
3 364 186 365 
3 369 185 366 
3 366 184 367 
3 189 183 368 
3 368 182 369 
3 373 181 370 
3 370 180 371 
3 367 179 372 
3 372 178 373 
3 379 304 374 
3 374 303 375 
3 382 297 376 
3 376 296 377 
3 377 299 378 
3 378 298 379 
2 300 380 
3 380 302 381 
3 381 301 382 
3 355 250 383 
3 219 269 384 
3 19 384 385 
3 362 295 386 
3 95 111 387 
3 397 201 388 
3 388 200 389 
3 79 209 390 
3 390 208 391 
3 391 207 392 
3 392 206 393 
3 393 205 394 
3 394 204 395 
3 395 203 396 
3 396 202 397 
3 118 8 398 
3 365 104 399 

8
 0.9166666666666667 0.08333333333333331 
 0.7499999999999999 0.24999999999999994 
 0.8275862068965516 0.17241379310344826 
 0.1818181818181818 0.8181818181818181 

8
 0.020408163265306124 0.979591836734694 
 0.9722222222222223 0.027777777777777776 
 0.07692307692307693 0.9230769230769231 
 0.8999999999999999 0.1 

8
 0.5 0.5 
 0.022727272727272728 0.9772727272727272 
 0.9523809523809523 0.047619047619047616 
 0.9756097560975611 0.024390243902439025 

8
 0.9444444444444444 0.055555555555555566 
 0.06818181818181818 0.9318181818181818 
 0.2222222222222222 0.7777777777777779 
 0.5789473684210527 0.42105263157894735 

8
 0.8571428571428571 0.14285714285714285 
 0.02222222222222222 0.9777777777777777 
 0.9166666666666667 0.08333333333333331 
 0.9772727272727272 0.022727272727272728 

8
 0.021739130434782608 0.9782608695652175 
 0.6 0.4 
 0.631578947368421 0.3684210526315789 
 0.7777777777777779 0.2222222222222222 

8
 0.7499999999999999 0.24999999999999994 
 0.2 0.8 
 0.125 0.875 
 0.8135593220338982 0.18644067796610173 

8
 0.04999999999999999 0.9500000000000001 
 0.9782608695652175 0.021739130434782608 
 0.04999999999999999 0.9500000000000001 
 0.9545454545454545 0.04545454545454546 

8
 0.052631578947368404 0.9473684210526315 
 0.16666666666666666 0.8333333333333334 
 0.9411764705882353 0.05882352941176471 
 0.08108108108108107 0.918918918918919 

8
 0.047619047619047616 0.9523809523809523 
 0.055555555555555566 0.9444444444444444 
 0.9677419354838709 0.03225806451612904 
 0.026315789473684213 0.9736842105263158 

8
 0.2 0.8 
 0.23529411764705885 0.7647058823529411 
 0.08333333333333331 0.9166666666666667 
 0.5964912280701755 0.4035087719298246 

8
 0.42857142857142855 0.5714285714285714 
 0.13333333333333333 0.8666666666666667 
 0.8214285714285714 0.1785714285714286 
 0.055555555555555566 0.9444444444444444 

8
 0.16666666666666666 0.8333333333333334 
 0.98 0.020000000000000004 
 0.9444444444444444 0.055555555555555566 
 0.9705882352941176 0.029411764705882353 

8
 0.4444444444444445 0.5555555555555556 
 0.2826086956521739 0.717391304347826 
 0.5 0.5 
 0.16666666666666666 0.8333333333333334 

8
 0.5 0.5 
 0.5 0.5 
 0.5 0.5 
 0.5490196078431373 0.45098039215686275 

8
 0.9473684210526315 0.052631578947368404 
 0.5 0.5 
 0.9574468085106382 0.0425531914893617 
 0.5 0.5 

8
 0.4666666666666667 0.5333333333333333 
 0.2 0.8 
 0.9736842105263158 0.026315789473684213 
 0.11428571428571431 0.8857142857142858 

8
 0.5 0.5 
 0.018518518518518514 0.9814814814814815 
 0.5 0.5 
 0.020000000000000004 0.98 

8
 0.012658227848101267 0.9873417721518988 
 0.9545454545454545 0.04545454545454546 
 0.7499999999999999 0.24999999999999994 
 0.6666666666666667 0.33333333333333337 

8
 0.5 0.5 
 0.96 0.04000000000000001 
 0.5 0.5 
 0.012658227848101267 0.9873417721518988 

8
 0.9827586206896551 0.017241379310344827 
 0.08333333333333331 0.9166666666666667 
 0.9545454545454545 0.04545454545454546 
 0.9375 0.0625 

8
 0.5 0.5 
 0.6041666666666667 0.39583333333333337 
 0.5 0.5 
 0.16666666666666666 0.8333333333333334 

8
 0.7333333333333333 0.26666666666666666 
 0.5833333333333334 0.41666666666666663 
 0.9672131147540984 0.032786885245901634 
 0.04999999999999999 0.9500000000000001 

8
 0.1818181818181818 0.8181818181818181 
 0.9253731343283582 0.07462686567164178 
 0.2 0.8 
 0.2 0.8 

8
 0.48484848484848486 0.5151515151515151 
 0.6486486486486487 0.3513513513513514 
 0.6470588235294118 0.35294117647058826 
 0.047619047619047616 0.9523809523809523 

8
 0.037037037037037035 0.9629629629629629 
 0.96 0.04000000000000001 
 0.04347826086956522 0.9565217391304348 
 0.0303030303030303 0.9696969696969697 

8
 0.026315789473684213 0.9736842105263158 
 0.015625000000000003 0.984375 
 0.5 0.5 
 0.7499999999999999 0.24999999999999994 

8
 0.5 0.5 
 0.5 0.5 
 0.55 0.45 
 0.8095238095238095 0.19047619047619047 

8
 0.9038461538461539 0.09615384615384617 
 0.11764705882352941 0.8823529411764706 
 0.28125 0.71875 
 0.14285714285714285 0.8571428571428571 

8
 0.5 0.5 
 0.9824561403508772 0.017543859649122806 
 0.24999999999999994 0.7499999999999999 
 0.9777777777777777 0.02222222222222222 

8
 0.15217391304347827 0.8478260869565217 
 0.5 0.5 
 0.1896551724137931 0.8103448275862069 
 0.5 0.5 

4
 0.4782608695652174 0.5217391304347826 
 0.7758620689655171 0.22413793103448276 

8
 0.025000000000000005 0.9750000000000001 
 0.9655172413793103 0.034482758620689655 
 0.9615384615384615 0.038461538461538464 
 0.9230769230769231 0.07692307692307693 

8
 0.8571428571428571 0.14285714285714285 
 0.9615384615384615 0.038461538461538464 
 0.4444444444444445 0.5555555555555556 
 0.4242424242424242 0.5757575757575757 

8
 0.014084507042253523 0.9859154929577465 
 0.1111111111111111 0.8888888888888888 
 0.96 0.04000000000000001 
 0.33333333333333337 0.6666666666666667 

8
 0.5 0.5 
 0.04000000000000001 0.96 
 0.8333333333333334 0.16666666666666666 
 0.013333333333333332 0.9866666666666666 

8
 0.33333333333333337 0.6666666666666667 
 0.2 0.8 
 0.5 0.5 
 0.01020408163265306 0.9897959183673469 

8
 0.5 0.5 
 0.5 0.5 
 0.023255813953488365 0.9767441860465117 
 0.016393442622950824 0.9836065573770493 

8
 0.5 0.5 
 0.5 0.5 
 0.9767441860465117 0.023255813953488365 
 0.016393442622950824 0.9836065573770493 

8
 0.7142857142857143 0.2857142857142857 
 0.29166666666666663 0.7083333333333334 
 0.31481481481481477 0.6851851851851852 
 0.1111111111111111 0.8888888888888888 

8
 0.8571428571428571 0.14285714285714285 
 0.9767441860465117 0.023255813953488365 
 0.04347826086956522 0.9565217391304348 
 0.02857142857142857 0.9714285714285715 

8
 0.972972972972973 0.02702702702702703 
 0.9230769230769231 0.07692307692307693 
 0.9782608695652175 0.021739130434782608 
 0.08333333333333331 0.9166666666666667 

8
 0.3448275862068966 0.6551724137931035 
 0.42105263157894735 0.5789473684210527 
 0.8666666666666667 0.13333333333333333 
 0.5 0.5 

8
 0.6363636363636362 0.3636363636363636 
 0.6875 0.3125 
 0.375 0.625 
 0.26315789473684204 0.7368421052631579 

8
 0.33333333333333337 0.6666666666666667 
 0.5 0.5 
 0.45945945945945943 0.5405405405405405 
 0.7368421052631579 0.26315789473684204 

8
 0.6875 0.3125 
 0.42857142857142855 0.5714285714285714 
 0.375 0.625 
 0.7575757575757576 0.24242424242424243 

8
 0.625 0.375 
 0.5714285714285714 0.42857142857142855 
 0.23076923076923075 0.7692307692307694 
 0.3636363636363636 0.6363636363636362 

8
 0.2380952380952381 0.7619047619047619 
 0.034482758620689655 0.9655172413793103 
 0.4 0.6 
 0.5757575757575757 0.4242424242424242 

8
 0.30769230769230765 0.6923076923076922 
 0.9545454545454545 0.04545454545454546 
 0.29999999999999993 0.7 
 0.16981132075471697 0.830188679245283 

8
 0.08333333333333331 0.9166666666666667 
 0.9642857142857143 0.03571428571428571 
 0.26315789473684204 0.7368421052631579 
 0.3469387755102041 0.653061224489796 

8
 0.5 0.5 
 0.9375 0.0625 
 0.5 0.5 
 0.9886363636363635 0.011363636363636362 

8
 0.013513513513513513 0.9864864864864864 
 0.03333333333333334 0.9666666666666666 
 0.5 0.5 
 0.5 0.5 

8
 0.9821428571428572 0.017857142857142856 
 0.06666666666666665 0.9333333333333333 
 0.9565217391304348 0.04347826086956522 
 0.07142857142857144 0.9285714285714286 

8
 0.896551724137931 0.10344827586206895 
 0.7 0.29999999999999993 
 0.125 0.875 
 0.09523809523809525 0.9047619047619047 

8
 0.5535714285714286 0.44642857142857145 
 0.375 0.625 
 0.09756097560975609 0.9024390243902439 
 0.33333333333333337 0.6666666666666667 

8
 0.03333333333333334 0.9666666666666666 
 0.1111111111111111 0.8888888888888888 
 0.018867924528301883 0.9811320754716982 
 0.9375 0.0625 

4
 0.9861111111111112 0.013888888888888886 
 0.031249999999999997 0.96875 

8
 0.037037037037037035 0.9629629629629629 
 0.021276595744680847 0.978723404255319 
 0.8571428571428571 0.14285714285714285 
 0.037037037037037035 0.9629629629629629 

8
 0.5 0.5 
 0.2857142857142857 0.7142857142857143 
 0.8360655737704918 0.1639344262295082 
 0.4473684210526316 0.5526315789473685 

4
 0.9456521739130435 0.054347826086956534 
 0.33333333333333337 0.6666666666666667 

4
 0.7582417582417582 0.24175824175824176 
 0.9230769230769231 0.07692307692307693 

2
 0.8921568627450982 0.107843137254902 

4
 0.012345679012345678 0.9876543209876544 
 0.9565217391304348 0.04347826086956522 

4
 0.04347826086956522 0.9565217391304348 
 0.9876543209876544 0.012345679012345678 

4
 0.012345679012345678 0.9876543209876544 
 0.9565217391304348 0.04347826086956522 

4
 0.04347826086956522 0.9565217391304348 
 0.9876543209876544 0.012345679012345678 

4
 0.012345679012345678 0.9876543209876544 
 0.9565217391304348 0.04347826086956522 

4
 0.9565217391304348 0.04347826086956522 
 0.012345679012345678 0.9876543209876544 

8
 0.09090909090909094 0.9090909090909091 
 0.022727272727272728 0.9772727272727272 
 0.8888888888888888 0.1111111111111111 
 0.9772727272727272 0.022727272727272728 

8
 0.9859154929577465 0.014084507042253523 
 0.06666666666666665 0.9333333333333333 
 0.9090909090909091 0.09090909090909094 
 0.9090909090909091 0.09090909090909094 

8
 0.9807692307692308 0.01923076923076923 
 0.025641025641025633 0.9743589743589742 
 0.07692307692307693 0.9230769230769231 
 0.7499999999999999 0.24999999999999994 

4
 0.6666666666666667 0.33333333333333337 
 0.26086956521739135 0.7391304347826086 

8
 0.5 0.5 
 0.016666666666666666 0.9833333333333334 
 0.5 0.5 
 0.022727272727272728 0.9772727272727272 

8
 0.5 0.5 
 0.5 0.5 
 0.011111111111111113 0.9888888888888888 
 0.07142857142857144 0.9285714285714286 

8
 0.5 0.5 
 0.5 0.5 
 0.42857142857142855 0.5714285714285714 
 0.4111111111111111 0.5888888888888888 

8
 0.031249999999999997 0.96875 
 0.07692307692307693 0.9230769230769231 
 0.9761904761904762 0.023809523809523805 
 0.9523809523809523 0.047619047619047616 

8
 0.037037037037037035 0.9629629629629629 
 0.9444444444444444 0.055555555555555566 
 0.4666666666666667 0.5333333333333333 
 0.4 0.6 

8
 0.04999999999999999 0.9500000000000001 
 0.9705882352941176 0.029411764705882353 
 0.9545454545454545 0.04545454545454546 
 0.96875 0.031249999999999997 

8
 0.5483870967741935 0.45161290322580644 
 0.8125 0.18750000000000003 
 0.5625 0.4375 
 0.23076923076923075 0.7692307692307694 

8
 0.9827586206896551 0.017241379310344827 
 0.5 0.5 
 0.9782608695652175 0.021739130434782608 
 0.5 0.5 

8
 0.07692307692307693 0.9230769230769231 
 0.9811320754716982 0.018867924528301883 
 0.047619047619047616 0.9523809523809523 
 0.047619047619047616 0.9523809523809523 

8
 0.6981132075471698 0.3018867924528302 
 0.5 0.5 
 0.2 0.8 
 0.14285714285714285 0.8571428571428571 

8
 0.2222222222222222 0.7777777777777779 
 0.56 0.44 
 0.45 0.55 
 0.7777777777777779 0.2222222222222222 

8
 0.047619047619047616 0.9523809523809523 
 0.047619047619047616 0.9523809523809523 
 0.9811320754716982 0.018867924528301883 
 0.9230769230769231 0.07692307692307693 

8
 0.022727272727272728 0.9772727272727272 
 0.5 0.5 
 0.016666666666666666 0.9833333333333334 
 0.5 0.5 

8
 0.5 0.5 
 0.5 0.5 
 0.9615384615384615 0.038461538461538464 
 0.6666666666666667 0.33333333333333337 

4
 0.59375 0.40625 
 0.3472222222222222 0.6527777777777778 

8
 0.5652173913043479 0.4347826086956522 
 0.11904761904761904 0.8809523809523809 
 0.16666666666666666 0.8333333333333334 
 0.7096774193548387 0.29032258064516125 

8
 0.5 0.5 
 0.6774193548387096 0.3225806451612903 
 0.5 0.5 
 0.5 0.5 

8
 0.5 0.5 
 0.5 0.5 
 0.972972972972973 0.02702702702702703 
 0.9850746268656716 0.014925373134328358 

8
 0.011904761904761908 0.9880952380952381 
 0.16666666666666666 0.8333333333333334 
 0.0625 0.9375 
 0.5 0.5 

8
 0.5 0.5 
 0.5 0.5 
 0.8080808080808081 0.19191919191919188 
 0.4 0.6 

8
 0.017543859649122806 0.9824561403508772 
 0.021276595744680847 0.978723404255319 
 0.5 0.5 
 0.5 0.5 

8
 0.5 0.5 
 0.98 0.020000000000000004 
 0.5 0.5 
 0.9814814814814815 0.018518518518518514 

8
 0.7142857142857143 0.2857142857142857 
 0.2380952380952381 0.7619047619047619 
 0.8571428571428571 0.14285714285714285 
 0.06451612903225808 0.935483870967742 

8
 0.03225806451612904 0.9677419354838709 
 0.026315789473684213 0.9736842105263158 
 0.5 0.5 
 0.972972972972973 0.02702702702702703 

8
 0.8333333333333334 0.16666666666666666 
 0.16666666666666666 0.8333333333333334 
 0.972972972972973 0.02702702702702703 
 0.9830508474576272 0.01694915254237288 

8
 0.09090909090909094 0.9090909090909091 
 0.3015873015873015 0.6984126984126985 
 0.6875 0.3125 
 0.6666666666666667 0.33333333333333337 

8
 0.3809523809523809 0.6190476190476191 
 0.9206349206349206 0.07936507936507936 
 0.5 0.5 
 0.2777777777777778 0.7222222222222222 

8
 0.6101694915254238 0.3898305084745763 
 0.6829268292682927 0.3170731707317073 
 0.33333333333333337 0.6666666666666667 
 0.5 0.5 

8
 0.02702702702702703 0.972972972972973 
 0.03333333333333334 0.9666666666666666 
 0.9565217391304348 0.04347826086956522 
 0.055555555555555566 0.9444444444444444 

8
 0.047619047619047616 0.9523809523809523 
 0.7499999999999999 0.24999999999999994 
 0.034482758620689655 0.9655172413793103 
 0.018518518518518514 0.9814814814814815 

8
 0.6744186046511628 0.32558139534883723 
 0.8125 0.18750000000000003 
 0.34285714285714286 0.6571428571428571 
 0.42857142857142855 0.5714285714285714 

8
 0.020000000000000004 0.98 
 0.1 0.8999999999999999 
 0.025000000000000005 0.9750000000000001 
 0.875 0.125 

8
 0.3846153846153846 0.6153846153846154 
 0.05882352941176471 0.9411764705882353 
 0.5357142857142857 0.4642857142857143 
 0.41666666666666663 0.5833333333333334 

8
 0.9655172413793103 0.034482758620689655 
 0.018867924528301883 0.9811320754716982 
 0.09090909090909094 0.9090909090909091 
 0.9333333333333333 0.06666666666666665 

4
 0.9523809523809523 0.047619047619047616 
 0.012048192771084336 0.9879518072289156 

8
 0.5 0.5 
 0.016393442622950824 0.9836065573770493 
 0.9767441860465117 0.023255813953488365 
 0.5 0.5 

8
 0.13793103448275867 0.8620689655172414 
 0.125 0.875 
 0.8 0.2 
 0.8928571428571429 0.10714285714285714 

8
 0.9333333333333333 0.06666666666666665 
 0.034482758620689655 0.9655172413793103 
 0.018867924528301883 0.9811320754716982 
 0.09090909090909094 0.9090909090909091 

8
 0.9166666666666667 0.08333333333333331 
 0.2 0.8 
 0.9803921568627451 0.01960784313725491 
 0.025000000000000005 0.9750000000000001 

8
 0.08333333333333331 0.9166666666666667 
 0.9523809523809523 0.047619047619047616 
 0.02222222222222222 0.9777777777777777 
 0.9666666666666666 0.03333333333333334 

8
 0.8333333333333334 0.16666666666666666 
 0.978723404255319 0.021276595744680847 
 0.4 0.6 
 0.45 0.55 

8
 0.04347826086956522 0.9565217391304348 
 0.9500000000000001 0.04999999999999999 
 0.9736842105263158 0.026315789473684213 
 0.9629629629629629 0.037037037037037035 

8
 0.5454545454545454 0.4545454545454546 
 0.2 0.8 
 0.19298245614035084 0.8070175438596492 
 0.8 0.2 

8
 0.018518518518518514 0.9814814814814815 
 0.0303030303030303 0.9696969696969697 
 0.9166666666666667 0.08333333333333331 
 0.8888888888888888 0.1111111111111111 

8
 0.96 0.04000000000000001 
 0.9666666666666666 0.03333333333333334 
 0.047619047619047616 0.9523809523809523 
 0.031249999999999997 0.96875 

8
 0.23529411764705885 0.7647058823529411 
 0.6666666666666667 0.33333333333333337 
 0.5490196078431373 0.45098039215686275 
 0.9285714285714286 0.07142857142857144 

8
 0.04999999999999999 0.9500000000000001 
 0.9761904761904762 0.023809523809523805 
 0.9411764705882353 0.05882352941176471 
 0.9655172413793103 0.034482758620689655 

8
 0.9666666666666666 0.03333333333333334 
 0.04000000000000001 0.96 
 0.96875 0.031249999999999997 
 0.047619047619047616 0.9523809523809523 

8
 0.029411764705882353 0.9705882352941176 
 0.8888888888888888 0.1111111111111111 
 0.018518518518518514 0.9814814814814815 
 0.09090909090909094 0.9090909090909091 

8
 0.04000000000000001 0.96 
 0.05882352941176471 0.9411764705882353 
 0.9756097560975611 0.024390243902439025 
 0.04000000000000001 0.96 

8
 0.5 0.5 
 0.027777777777777776 0.9722222222222223 
 0.9850746268656716 0.014925373134328358 
 0.33333333333333337 0.6666666666666667 

8
 0.125 0.875 
 0.33333333333333337 0.6666666666666667 
 0.016393442622950824 0.9836065573770493 
 0.9722222222222223 0.027777777777777776 

8
 0.9444444444444444 0.055555555555555566 
 0.9714285714285715 0.02857142857142857 
 0.9411764705882353 0.05882352941176471 
 0.026315789473684213 0.9736842105263158 

8
 0.328125 0.671875 
 0.5833333333333334 0.41666666666666663 
 0.6842105263157895 0.3157894736842105 
 0.9230769230769231 0.07692307692307693 

8
 0.2222222222222222 0.7777777777777779 
 0.33333333333333337 0.6666666666666667 
 0.5737704918032787 0.4262295081967213 
 0.11428571428571431 0.8857142857142858 

8
 0.020833333333333336 0.9791666666666667 
 0.04999999999999999 0.9500000000000001 
 0.03333333333333334 0.9666666666666666 
 0.8999999999999999 0.1 

8
 0.5 0.5 
 0.02702702702702703 0.972972972972973 
 0.9850746268656716 0.014925373134328358 
 0.5 0.5 

8
 0.5 0.5 
 0.014925373134328358 0.9850746268656716 
 0.972972972972973 0.02702702702702703 
 0.5 0.5 

8
 0.360655737704918 0.639344262295082 
 0.38888888888888884 0.6111111111111112 
 0.2727272727272727 0.7272727272727273 
 0.2857142857142857 0.7142857142857143 

8
 0.8571428571428571 0.14285714285714285 
 0.8392857142857143 0.16071428571428575 
 0.6666666666666667 0.33333333333333337 
 0.5185185185185186 0.4814814814814815 

8
 0.9876543209876544 0.012345679012345678 
 0.0625 0.9375 
 0.5 0.5 
 0.1111111111111111 0.8888888888888888 

8
 0.1111111111111111 0.8888888888888888 
 0.9642857142857143 0.03571428571428571 
 0.9375 0.0625 
 0.9818181818181817 0.01818181818181818 

4
 0.7391304347826086 0.26086956521739135 
 0.33333333333333337 0.6666666666666667 

8
 0.037037037037037035 0.9629629629629629 
 0.8571428571428571 0.14285714285714285 
 0.9821428571428572 0.017857142857142856 
 0.055555555555555566 0.9444444444444444 

8
 0.3636363636363636 0.6363636363636362 
 0.375 0.625 
 0.07407407407407407 0.9259259259259258 
 0.7142857142857143 0.2857142857142857 

8
 0.5 0.5 
 0.5 0.5 
 0.4782608695652174 0.5217391304347826 
 0.7777777777777779 0.2222222222222222 

8
 0.5 0.5 
 0.012345679012345678 0.9876543209876544 
 0.04347826086956522 0.9565217391304348 
 0.5 0.5 

8
 0.03333333333333334 0.9666666666666666 
 0.016129032258064516 0.9838709677419355 
 0.9166666666666667 0.08333333333333331 
 0.7499999999999999 0.24999999999999994 

4
 0.9850746268656716 0.014925373134328358 
 0.02702702702702703 0.972972972972973 

8
 0.04545454545454546 0.9545454545454545 
 0.047619047619047616 0.9523809523809523 
 0.972972972972973 0.02702702702702703 
 0.9642857142857143 0.03571428571428571 

4
 0.9545454545454545 0.04545454545454546 
 0.65 0.35000000000000003 

8
 0.5 0.5 
 0.5 0.5 
 0.961038961038961 0.03896103896103896 
 0.5925925925925926 0.4074074074074074 

8
 0.5 0.5 
 0.012345679012345678 0.9876543209876544 
 0.5 0.5 
 0.04347826086956522 0.9565217391304348 

8
 0.24999999999999994 0.7499999999999999 
 0.9166666666666667 0.08333333333333331 
 0.9838709677419355 0.016129032258064516 
 0.03333333333333334 0.9666666666666666 

8
 0.6923076923076922 0.30769230769230765 
 0.5802469135802469 0.41975308641975306 
 0.8333333333333334 0.16666666666666666 
 0.5 0.5 

8
 0.2727272727272727 0.7272727272727273 
 0.4193548387096774 0.5806451612903226 
 0.5555555555555556 0.4444444444444445 
 0.2 0.8 

8
 0.2156862745098039 0.7843137254901962 
 0.26086956521739135 0.7391304347826086 
 0.5 0.5 
 0.7666666666666666 0.23333333333333336 

8
 0.55 0.45 
 0.5 0.5 
 0.7916666666666667 0.20833333333333337 
 0.5 0.5 

8
 0.04166666666666666 0.9583333333333334 
 0.9444444444444444 0.055555555555555566 
 0.9722222222222223 0.027777777777777776 
 0.9666666666666666 0.03333333333333334 

8
 0.8333333333333334 0.16666666666666666 
 0.03571428571428571 0.9642857142857143 
 0.9166666666666667 0.08333333333333331 
 0.9838709677419355 0.016129032258064516 

8
 0.6666666666666667 0.33333333333333337 
 0.9756097560975611 0.024390243902439025 
 0.9838709677419355 0.016129032258064516 
 0.5 0.5 

8
 0.9782608695652175 0.021739130434782608 
 0.9642857142857143 0.03571428571428571 
 0.055555555555555566 0.9444444444444444 
 0.0625 0.9375 

8
 0.2380952380952381 0.7619047619047619 
 0.2857142857142857 0.7142857142857143 
 0.9310344827586208 0.06896551724137932 
 0.5909090909090909 0.4090909090909091 

8
 0.3188405797101449 0.681159420289855 
 0.11428571428571431 0.8857142857142858 
 0.5 0.5 
 0.5 0.5 

8
 0.8571428571428571 0.14285714285714285 
 0.9629629629629629 0.037037037037037035 
 0.5 0.5 
 0.9861111111111112 0.013888888888888886 

4
 0.013888888888888886 0.9861111111111112 
 0.96875 0.031249999999999997 

8
 0.5 0.5 
 0.9870129870129871 0.012987012987012988 
 0.5 0.5 
 0.9629629629629629 0.037037037037037035 

8
 0.6578947368421053 0.34210526315789475 
 0.5 0.5 
 0.9642857142857143 0.03571428571428571 
 0.5 0.5 

8
 0.5 0.5 
 0.24489795918367346 0.7551020408163265 
 0.5 0.5 
 0.4727272727272728 0.5272727272727273 

8
 0.33333333333333337 0.6666666666666667 
 0.5714285714285714 0.42857142857142855 
 0.125 0.875 
 0.16883116883116883 0.8311688311688312 

4
 0.06666666666666665 0.9333333333333333 
 0.38636363636363635 0.6136363636363636 

8
 0.7142857142857143 0.2857142857142857 
 0.4 0.6 
 0.5294117647058824 0.47058823529411764 
 0.6666666666666667 0.33333333333333337 

8
 0.02857142857142857 0.9714285714285715 
 0.03571428571428571 0.9642857142857143 
 0.9473684210526315 0.052631578947368404 
 0.9615384615384615 0.038461538461538464 

8
 0.9736842105263158 0.026315789473684213 
 0.03333333333333334 0.9666666666666666 
 0.96 0.04000000000000001 
 0.06666666666666665 0.9333333333333333 

8
 0.7499999999999999 0.24999999999999994 
 0.047619047619047616 0.9523809523809523 
 0.3846153846153846 0.6153846153846154 
 0.8428571428571429 0.15714285714285714 

8
 0.9761904761904762 0.023809523809523805 
 0.9722222222222223 0.027777777777777776 
 0.9285714285714286 0.07142857142857144 
 0.0625 0.9375 

8
 0.7037037037037037 0.2962962962962963 
 0.7 0.29999999999999993 
 0.8378378378378378 0.16216216216216217 
 0.2857142857142857 0.7142857142857143 

8
 0.33333333333333337 0.6666666666666667 
 0.9500000000000001 0.04999999999999999 
 0.7291666666666667 0.2708333333333333 
 0.7297297297297297 0.2702702702702703 

8
 0.11999999999999998 0.8800000000000001 
 0.5925925925925926 0.4074074074074074 
 0.6875 0.3125 
 0.675 0.325 

8
 0.026315789473684213 0.9736842105263158 
 0.9523809523809523 0.047619047619047616 
 0.0303030303030303 0.9696969696969697 
 0.0625 0.9375 

8
 0.05882352941176471 0.9411764705882353 
 0.65 0.35000000000000003 
 0.38888888888888884 0.6111111111111112 
 0.5555555555555556 0.4444444444444445 

8
 0.9333333333333333 0.06666666666666665 
 0.9629629629629629 0.037037037037037035 
 0.9642857142857143 0.03571428571428571 
 0.026315789473684213 0.9736842105263158 

8
 0.024390243902439025 0.9756097560975611 
 0.9523809523809523 0.047619047619047616 
 0.04347826086956522 0.9565217391304348 
 0.04347826086956522 0.9565217391304348 

8
 0.03225806451612904 0.9677419354838709 
 0.9782608695652175 0.021739130434782608 
 0.06666666666666665 0.9333333333333333 
 0.9375 0.0625 

8
 0.023809523809523805 0.9761904761904762 
 0.024390243902439025 0.9756097560975611 
 0.9090909090909091 0.09090909090909094 
 0.9285714285714286 0.07142857142857144 

8
 0.5 0.5 
 0.9090909090909091 0.09090909090909094 
 0.7142857142857143 0.2857142857142857 
 0.6666666666666667 0.33333333333333337 

8
 0.8999999999999999 0.1 
 0.026315789473684213 0.9736842105263158 
 0.04000000000000001 0.96 
 0.02857142857142857 0.9714285714285715 

8
 0.04545454545454546 0.9545454545454545 
 0.9500000000000001 0.04999999999999999 
 0.9642857142857143 0.03571428571428571 
 0.026315789473684213 0.9736842105263158 

8
 0.5 0.5 
 0.7499999999999999 0.24999999999999994 
 0.6363636363636362 0.3636363636363636 
 0.35185185185185186 0.6481481481481481 

8
 0.875 0.125 
 0.24999999999999994 0.7499999999999999 
 0.031249999999999997 0.96875 
 0.015625000000000003 0.984375 

8
 0.7894736842105263 0.21052631578947367 
 0.5384615384615384 0.46153846153846156 
 0.9696969696969697 0.0303030303030303 
 0.627906976744186 0.37209302325581395 

8
 0.052631578947368404 0.9473684210526315 
 0.03333333333333334 0.9666666666666666 
 0.9666666666666666 0.03333333333333334 
 0.034482758620689655 0.9655172413793103 

8
 0.29166666666666663 0.7083333333333334 
 0.2692307692307692 0.7307692307692308 
 0.5833333333333334 0.41666666666666663 
 0.3181818181818182 0.6818181818181818 

8
 0.972972972972973 0.02702702702702703 
 0.022727272727272728 0.9772727272727272 
 0.07142857142857144 0.9285714285714286 
 0.9230769230769231 0.07692307692307693 

8
 0.6938775510204082 0.30612244897959184 
 0.6 0.4 
 0.33333333333333337 0.6666666666666667 
 0.24999999999999994 0.7499999999999999 

8
 0.25806451612903225 0.7419354838709677 
 0.9545454545454545 0.04545454545454546 
 0.8421052631578947 0.15789473684210525 
 0.38888888888888884 0.6111111111111112 

8
 0.6666666666666667 0.33333333333333337 
 0.33333333333333337 0.6666666666666667 
 0.014925373134328358 0.9850746268656716 
 0.02857142857142857 0.9714285714285715 

8
 0.33333333333333337 0.6666666666666667 
 0.5 0.5 
 0.9782608695652175 0.021739130434782608 
 0.017543859649122806 0.9824561403508772 

8
 0.9629629629629629 0.037037037037037035 
 0.038461538461538464 0.9615384615384615 
 0.96 0.04000000000000001 
 0.03333333333333334 0.9666666666666666 

8
 0.96875 0.031249999999999997 
 0.3846153846153846 0.6153846153846154 
 0.34090909090909094 0.6590909090909092 
 0.10526315789473682 0.8947368421052632 

8
 0.08333333333333331 0.9166666666666667 
 0.09090909090909094 0.9090909090909091 
 0.6829268292682927 0.3170731707317073 
 0.34090909090909094 0.6590909090909092 

4
 0.021739130434782608 0.9782608695652175 
 0.9827586206896551 0.017241379310344827 

8
 0.024390243902439025 0.9756097560975611 
 0.052631578947368404 0.9473684210526315 
 0.9523809523809523 0.047619047619047616 
 0.037037037037037035 0.9629629629629629 

8
 0.8999999999999999 0.1 
 0.07692307692307693 0.9230769230769231 
 0.04166666666666666 0.9583333333333334 
 0.016393442622950824 0.9836065573770493 

8
 0.8333333333333334 0.16666666666666666 
 0.9444444444444444 0.055555555555555566 
 0.9444444444444444 0.055555555555555566 
 0.015151515151515155 0.9848484848484849 

8
 0.33333333333333337 0.6666666666666667 
 0.012345679012345678 0.9876543209876544 
 0.8888888888888888 0.1111111111111111 
 0.9333333333333333 0.06666666666666665 

8
 0.4545454545454546 0.5454545454545454 
 0.875 0.125 
 0.24999999999999994 0.7499999999999999 
 0.9315068493150686 0.0684931506849315 

8
 0.023255813953488365 0.9767441860465117 
 0.9411764705882353 0.05882352941176471 
 0.03333333333333334 0.9666666666666666 
 0.055555555555555566 0.9444444444444444 

8
 0.016666666666666666 0.9833333333333334 
 0.5 0.5 
 0.022727272727272728 0.9772727272727272 
 0.5 0.5 

8
 0.7307692307692308 0.2692307692307692 
 0.5892857142857144 0.41071428571428575 
 0.5 0.5 
 0.375 0.625 

8
 0.9818181818181817 0.01818181818181818 
 0.04166666666666666 0.9583333333333334 
 0.5 0.5 
 0.9629629629629629 0.037037037037037035 

8
 0.037037037037037035 0.9629629629629629 
 0.9285714285714286 0.07142857142857144 
 0.9583333333333334 0.04166666666666666 
 0.9767441860465117 0.023255813953488365 

8
 0.96 0.04000000000000001 
 0.025000000000000005 0.9750000000000001 
 0.9375 0.0625 
 0.037037037037037035 0.9629629629629629 

8
 0.0303030303030303 0.9696969696969697 
 0.9705882352941176 0.029411764705882353 
 0.9677419354838709 0.03225806451612904 
 0.1 0.8999999999999999 

8
 0.6923076923076922 0.30769230769230765 
 0.25806451612903225 0.7419354838709677 
 0.7692307692307694 0.23076923076923075 
 0.8157894736842105 0.1842105263157895 

8
 0.5 0.5 
 0.037037037037037035 0.9629629629629629 
 0.7169811320754716 0.2830188679245283 
 0.7 0.29999999999999993 

8
 0.5849056603773585 0.41509433962264153 
 0.5 0.5 
 0.5 0.5 
 0.039215686274509796 0.9607843137254901 

8
 0.01960784313725491 0.9803921568627451 
 0.9811320754716982 0.018867924528301883 
 0.5 0.5 
 0.5 0.5 

8
 0.4090909090909091 0.5909090909090909 
 0.6904761904761905 0.3095238095238095 
 0.26315789473684204 0.7368421052631579 
 0.72 0.27999999999999997 

8
 0.5681818181818181 0.4318181818181818 
 0.5294117647058824 0.47058823529411764 
 0.11999999999999998 0.8800000000000001 
 0.22727272727272727 0.7727272727272727 

4
 0.9400000000000001 0.06 
 0.2777777777777778 0.7222222222222222 

8
 0.9375 0.0625 
 0.031249999999999997 0.96875 
 0.04347826086956522 0.9565217391304348 
 0.972972972972973 0.02702702702702703 

8
 0.9642857142857143 0.03571428571428571 
 0.96 0.04000000000000001 
 0.9714285714285715 0.02857142857142857 
 0.04999999999999999 0.9500000000000001 

8
 0.027777777777777776 0.9722222222222223 
 0.8333333333333334 0.16666666666666666 
 0.9830508474576272 0.01694915254237288 
 0.14285714285714285 0.8571428571428571 

8
 0.07142857142857144 0.9285714285714286 
 0.5652173913043479 0.4347826086956522 
 0.5833333333333334 0.41666666666666663 
 0.9473684210526315 0.052631578947368404 

8
 0.016666666666666666 0.9833333333333334 
 0.9615384615384615 0.038461538461538464 
 0.9500000000000001 0.04999999999999999 
 0.5 0.5 

8
 0.7777777777777779 0.2222222222222222 
 0.8648648648648649 0.13513513513513514 
 0.46153846153846156 0.5384615384615384 
 0.7222222222222222 0.2777777777777778 

8
 0.5 0.5 
 0.012345679012345678 0.9876543209876544 
 0.5 0.5 
 0.04347826086956522 0.9565217391304348 

8
 0.15 0.85 
 0.9285714285714286 0.07142857142857144 
 0.5 0.5 
 0.5 0.5 

8
 0.825 0.175 
 0.4642857142857143 0.5357142857142857 
 0.34782608695652173 0.6521739130434783 
 0.7058823529411765 0.29411764705882354 

8
 0.625 0.375 
 0.7758620689655171 0.22413793103448276 
 0.24999999999999994 0.7499999999999999 
 0.05882352941176471 0.9411764705882353 

4
 0.9166666666666667 0.08333333333333331 
 0.010869565217391302 0.9891304347826088 

8
 0.6666666666666667 0.33333333333333337 
 0.6 0.4 
 0.4383561643835616 0.5616438356164384 
 0.8571428571428571 0.14285714285714285 

8
 0.8378378378378378 0.16216216216216217 
 0.2835820895522388 0.7164179104477612 
 0.5 0.5 
 0.5 0.5 

8
 0.052631578947368404 0.9473684210526315 
 0.2 0.8 
 0.9814814814814815 0.018518518518518514 
 0.03333333333333334 0.9666666666666666 

8
 0.018867924528301883 0.9811320754716982 
 0.33333333333333337 0.6666666666666667 
 0.34375 0.65625 
 0.7272727272727273 0.2727272727272727 

8
 0.5454545454545454 0.4545454545454546 
 0.16666666666666666 0.8333333333333334 
 0.9375 0.0625 
 0.26666666666666666 0.7333333333333333 

8
 0.02857142857142857 0.9714285714285715 
 0.047619047619047616 0.9523809523809523 
 0.9333333333333333 0.06666666666666665 
 0.02702702702702703 0.972972972972973 

8
 0.024390243902439025 0.9756097560975611 
 0.037037037037037035 0.9629629629629629 
 0.5 0.5 
 0.026315789473684213 0.9736842105263158 

8
 0.8888888888888888 0.1111111111111111 
 0.6666666666666667 0.33333333333333337 
 0.3157894736842105 0.6842105263157895 
 0.8709677419354839 0.1290322580645161 

8
 0.5 0.5 
 0.5 0.5 
 0.9803921568627451 0.01960784313725491 
 0.9811320754716982 0.018867924528301883 

8
 0.5 0.5 
 0.5 0.5 
 0.034482758620689655 0.9655172413793103 
 0.013333333333333332 0.9866666666666666 

8
 0.8305084745762712 0.1694915254237288 
 0.03571428571428571 0.9642857142857143 
 0.7647058823529411 0.23529411764705885 
 0.7499999999999999 0.24999999999999994 

8
 0.984375 0.015625000000000003 
 0.5 0.5 
 0.9736842105263158 0.026315789473684213 
 0.24999999999999994 0.7499999999999999 

8
 0.8333333333333334 0.16666666666666666 
 0.5384615384615384 0.46153846153846156 
 0.10526315789473682 0.8947368421052632 
 0.8076923076923077 0.19230769230769235 

8
 0.9714285714285715 0.02857142857142857 
 0.9722222222222223 0.027777777777777776 
 0.052631578947368404 0.9473684210526315 
 0.9444444444444444 0.055555555555555566 

8
 0.9523809523809523 0.047619047619047616 
 0.7777777777777779 0.2222222222222222 
 0.5 0.5 
 0.13793103448275867 0.8620689655172414 

8
 0.9714285714285715 0.02857142857142857 
 0.06666666666666665 0.9333333333333333 
 0.04000000000000001 0.96 
 0.0303030303030303 0.9696969696969697 

4
 0.017241379310344827 0.9827586206896551 
 0.9782608695652175 0.021739130434782608 

8
 0.2 0.8 
 0.35294117647058826 0.6470588235294118 
 0.5 0.5 
 0.24999999999999994 0.7499999999999999 

8
 0.6923076923076922 0.30769230769230765 
 0.7499999999999999 0.24999999999999994 
 0.4680851063829788 0.5319148936170214 
 0.33333333333333337 0.6666666666666667 

8
 0.029411764705882353 0.9705882352941176 
 0.9782608695652175 0.021739130434782608 
 0.1 0.8999999999999999 
 0.055555555555555566 0.9444444444444444 

8
 0.05882352941176471 0.9411764705882353 
 0.5 0.5 
 0.8831168831168832 0.1168831168831169 
 0.8999999999999999 0.1 

8
 0.0625 0.9375 
 0.8095238095238095 0.19047619047619047 
 0.7142857142857143 0.2857142857142857 
 0.1818181818181818 0.8181818181818181 

8
 0.5 0.5 
 0.4444444444444445 0.5555555555555556 
 0.06382978723404253 0.9361702127659575 
 0.4117647058823529 0.5882352941176471 

8
 0.09090909090909094 0.9090909090909091 
 0.9642857142857143 0.03571428571428571 
 0.8999999999999999 0.1 
 0.01694915254237288 0.9830508474576272 

8
 0.7894736842105263 0.21052631578947367 
 0.7894736842105263 0.21052631578947367 
 0.6666666666666667 0.33333333333333337 
 0.9565217391304348 0.04347826086956522 

8
 0.8032786885245902 0.1967213114754098 
 0.5 0.5 
 0.3636363636363636 0.6363636363636362 
 0.4545454545454546 0.5454545454545454 

8
 0.01694915254237288 0.9830508474576272 
 0.1 0.8999999999999999 
 0.9642857142857143 0.03571428571428571 
 0.9090909090909091 0.09090909090909094 

8
 0.023255813953488365 0.9767441860465117 
 0.024390243902439025 0.9756097560975611 
 0.7499999999999999 0.24999999999999994 
 0.04999999999999999 0.9500000000000001 

8
 0.07692307692307693 0.9230769230769231 
 0.9767441860465117 0.023255813953488365 
 0.09090909090909094 0.9090909090909091 
 0.9756097560975611 0.024390243902439025 

8
 0.125 0.875 
 0.29166666666666663 0.7083333333333334 
 0.8055555555555556 0.19444444444444442 
 0.8125 0.18750000000000003 

8
 0.24999999999999994 0.7499999999999999 
 0.5 0.5 
 0.9166666666666667 0.08333333333333331 
 0.2051282051282051 0.7948717948717949 

8
 0.19230769230769235 0.8076923076923077 
 0.29166666666666663 0.7083333333333334 
 0.4 0.6 
 0.7441860465116279 0.2558139534883721 

8
 0.9666666666666666 0.03333333333333334 
 0.029411764705882353 0.9705882352941176 
 0.9500000000000001 0.04999999999999999 
 0.04166666666666666 0.9583333333333334 

8
 0.07017543859649124 0.9298245614035088 
 0.21052631578947367 0.7894736842105263 
 0.41666666666666663 0.5833333333333334 
 0.375 0.625 

8
 0.9696969696969697 0.0303030303030303 
 0.9411764705882353 0.05882352941176471 
 0.03333333333333334 0.9666666666666666 
 0.9642857142857143 0.03571428571428571 

8
 0.5531914893617023 0.4468085106382979 
 0.19230769230769235 0.8076923076923077 
 0.04347826086956522 0.9565217391304348 
 0.6666666666666667 0.33333333333333337 

8
 0.7499999999999999 0.24999999999999994 
 0.9855072463768116 0.01449275362318841 
 0.5 0.5 
 0.0303030303030303 0.9696969696969697 

8
 0.9855072463768116 0.01449275362318841 
 0.7499999999999999 0.24999999999999994 
 0.0303030303030303 0.9696969696969697 
 0.5 0.5 

8
 0.1 0.8999999999999999 
 0.04000000000000001 0.96 
 0.979591836734694 0.020408163265306124 
 0.9583333333333334 0.04166666666666666 

8
 0.04166666666666666 0.9583333333333334 
 0.1111111111111111 0.8888888888888888 
 0.021739130434782608 0.9782608695652175 
 0.9655172413793103 0.034482758620689655 

8
 0.9677419354838709 0.03225806451612904 
 0.06666666666666665 0.9333333333333333 
 0.021276595744680847 0.978723404255319 
 0.06666666666666665 0.9333333333333333 

8
 0.8421052631578947 0.15789473684210525 
 0.30769230769230765 0.6923076923076922 
 0.5 0.5 
 0.33333333333333337 0.6666666666666667 

8
 0.05882352941176471 0.9411764705882353 
 0.9565217391304348 0.04347826086956522 
 0.9714285714285715 0.02857142857142857 
 0.0303030303030303 0.9696969696969697 

8
 0.8461538461538461 0.15384615384615385 
 0.5294117647058824 0.47058823529411764 
 0.7142857142857143 0.2857142857142857 
 0.9166666666666667 0.08333333333333331 

8
 0.6896551724137931 0.3103448275862069 
 0.5 0.5 
 0.10769230769230768 0.8923076923076924 
 0.16666666666666666 0.8333333333333334 

8
 0.5 0.5 
 0.5 0.5 
 0.5227272727272727 0.4772727272727273 
 0.41666666666666663 0.5833333333333334 

8
 0.9830508474576272 0.01694915254237288 
 0.9545454545454545 0.04545454545454546 
 0.9333333333333333 0.06666666666666665 
 0.08333333333333331 0.9166666666666667 

8
 0.96875 0.031249999999999997 
 0.016129032258064516 0.9838709677419355 
 0.9090909090909091 0.09090909090909094 
 0.6666666666666667 0.33333333333333337 

8
 0.9565217391304348 0.04347826086956522 
 0.034482758620689655 0.9655172413793103 
 0.034482758620689655 0.9655172413793103 
 0.9629629629629629 0.037037037037037035 

8
 0.5208333333333334 0.4791666666666667 
 0.5 0.5 
 0.24999999999999994 0.7499999999999999 
 0.5 0.5 

8
 0.5 0.5 
 0.28205128205128205 0.717948717948718 
 0.5 0.5 
 0.7692307692307694 0.23076923076923075 

8
 0.9148936170212767 0.08510638297872342 
 0.24999999999999994 0.7499999999999999 
 0.7837837837837838 0.21621621621621626 
 0.625 0.375 

8
 0.5 0.5 
 0.5 0.5 
 0.5 0.5 
 0.18750000000000003 0.8125 

8
 0.13636363636363635 0.8636363636363635 
 0.5 0.5 
 0.5121951219512195 0.4878048780487805 
 0.5 0.5 

8
 0.9615384615384615 0.038461538461538464 
 0.047619047619047616 0.9523809523809523 
 0.025641025641025633 0.9743589743589742 
 0.04545454545454546 0.9545454545454545 

8
 0.8571428571428571 0.14285714285714285 
 0.047619047619047616 0.9523809523809523 
 0.02857142857142857 0.9714285714285715 
 0.9777777777777777 0.02222222222222222 

8
 0.038461538461538464 0.9615384615384615 
 0.020833333333333336 0.9791666666666667 
 0.9230769230769231 0.07692307692307693 
 0.9523809523809523 0.047619047619047616 

8
 0.014925373134328358 0.9850746268656716 
 0.5 0.5 
 0.5 0.5 
 0.972972972972973 0.02702702702702703 

8
 0.5 0.5 
 0.5 0.5 
 0.34 0.66 
 0.5 0.5 

8
 0.575 0.425 
 0.6666666666666667 0.33333333333333337 
 0.21739130434782608 0.782608695652174 
 0.9473684210526315 0.052631578947368404 

4
 0.5 0.5 
 0.8333333333333334 0.16666666666666666 

4
 0.875 0.125 
 0.7499999999999999 0.24999999999999994 

4
 0.6162790697674418 0.38372093023255816 
 0.7777777777777779 0.2222222222222222 

4
 0.9850746268656716 0.014925373134328358 
 0.02702702702702703 0.972972972972973 

4
 0.04347826086956522 0.9565217391304348 
 0.9876543209876544 0.012345679012345678 

4
 0.2839506172839506 0.7160493827160495 
 0.4347826086956522 0.5652173913043479 

4
 0.6060606060606061 0.3939393939393939 
 0.7887323943661972 0.2112676056338029 

4
 0.5921052631578947 0.4078947368421053 
 0.8214285714285714 0.1785714285714286 

4
 0.014925373134328358 0.9850746268656716 
 0.972972972972973 0.02702702702702703 

4
 0.02702702702702703 0.972972972972973 
 0.9850746268656716 0.014925373134328358 

8
 0.5 0.5 
 0.09523809523809525 0.9047619047619047 
 0.5 0.5 
 0.5662650602409639 0.4337349397590361 

8
 0.8666666666666667 0.13333333333333333 
 0.8 0.2 
 0.8333333333333334 0.16666666666666666 
 0.5714285714285714 0.42857142857142855 

8
 0.9411764705882353 0.05882352941176471 
 0.5 0.5 
 0.014285714285714284 0.9857142857142857 
 0.9473684210526315 0.052631578947368404 

8
 0.018518518518518514 0.9814814814814815 
 0.03225806451612904 0.9677419354838709 
 0.9411764705882353 0.05882352941176471 
 0.16666666666666666 0.8333333333333334 

8
 0.023255813953488365 0.9767441860465117 
 0.6666666666666667 0.33333333333333337 
 0.9830508474576272 0.01694915254237288 
 0.33333333333333337 0.6666666666666667 

8
 0.48 0.52 
 0.09090909090909094 0.9090909090909091 
 0.07317073170731707 0.9268292682926829 
 0.9677419354838709 0.03225806451612904 

4
 0.021739130434782608 0.9782608695652175 
 0.9827586206896551 0.017241379310344827 

8
 0.24999999999999994 0.7499999999999999 
 0.5 0.5 
 0.8484848484848484 0.15151515151515152 
 0.8474576271186441 0.15254237288135597 

8
 0.8888888888888888 0.1111111111111111 
 0.01960784313725491 0.9803921568627451 
 0.024390243902439025 0.9756097560975611 
 0.8571428571428571 0.14285714285714285 

8
 0.031249999999999997 0.96875 
 0.0303030303030303 0.9696969696969697 
 0.9500000000000001 0.04999999999999999 
 0.9565217391304348 0.04347826086956522 

8
 0.09090909090909094 0.9090909090909091 
 0.9803921568627451 0.01960784313725491 
 0.9285714285714286 0.07142857142857144 
 0.031249999999999997 0.96875 

8
 0.07142857142857144 0.9285714285714286 
 0.023255813953488365 0.9767441860465117 
 0.04000000000000001 0.96 
 0.9615384615384615 0.038461538461538464 

8
 0.9615384615384615 0.038461538461538464 
 0.5 0.5 
 0.9767441860465117 0.023255813953488365 
 0.972972972972973 0.02702702702702703 

8
 0.07142857142857144 0.9285714285714286 
 0.9629629629629629 0.037037037037037035 
 0.9583333333333334 0.04166666666666666 
 0.023255813953488365 0.9767441860465117 

8
 0.038461538461538464 0.9615384615384615 
 0.04000000000000001 0.96 
 0.9767441860465117 0.023255813953488365 
 0.9285714285714286 0.07142857142857144 

8
 0.3809523809523809 0.6190476190476191 
 0.2222222222222222 0.7777777777777779 
 0.2727272727272727 0.7272727272727273 
 0.978723404255319 0.021276595744680847 

8
 0.24999999999999994 0.7499999999999999 
 0.26666666666666666 0.7333333333333333 
 0.42857142857142855 0.5714285714285714 
 0.5675675675675675 0.43243243243243246 

8
 0.8999999999999999 0.1 
 0.02222222222222222 0.9777777777777777 
 0.5 0.5 
 0.9803921568627451 0.01960784313725491 

8
 0.04166666666666666 0.9583333333333334 
 0.972972972972973 0.02702702702702703 
 0.055555555555555566 0.9444444444444444 
 0.034482758620689655 0.9655172413793103 

8
 0.5 0.5 
 0.5 0.5 
 0.9803921568627451 0.01960784313725491 
 0.018867924528301883 0.9811320754716982 

8
 0.01960784313725491 0.9803921568627451 
 0.5 0.5 
 0.9411764705882353 0.05882352941176471 
 0.9736842105263158 0.026315789473684213 

8
 0.9722222222222223 0.027777777777777776 
 0.9411764705882353 0.05882352941176471 
 0.9696969696969697 0.0303030303030303 
 0.04545454545454546 0.9545454545454545 

8
 0.8235294117647058 0.1764705882352941 
 0.014925373134328358 0.9850746268656716 
 0.4090909090909091 0.5909090909090909 
 0.5 0.5 

8
 0.021276595744680847 0.978723404255319 
 0.9696969696969697 0.0303030303030303 
 0.04545454545454546 0.9545454545454545 
 0.16666666666666666 0.8333333333333334 

8
 0.038461538461538464 0.9615384615384615 
 0.972972972972973 0.02702702702702703 
 0.9230769230769231 0.07692307692307693 
 0.96875 0.031249999999999997 

8
 0.6153846153846154 0.3846153846153846 
 0.2857142857142857 0.7142857142857143 
 0.5 0.5 
 0.8421052631578947 0.15789473684210525 

8
 0.4193548387096774 0.5806451612903226 
 0.2857142857142857 0.7142857142857143 
 0.642857142857143 0.35714285714285715 
 0.14285714285714285 0.8571428571428571 

4
 0.41666666666666663 0.5833333333333334 
 0.4891304347826087 0.5108695652173914 

8
 0.24999999999999994 0.7499999999999999 
 0.7777777777777779 0.2222222222222222 
 0.33333333333333337 0.6666666666666667 
 0.9259259259259258 0.07407407407407407 

8
 0.1818181818181818 0.8181818181818181 
 0.8181818181818181 0.1818181818181818 
 0.22727272727272727 0.7727272727272727 
 0.4 0.6 

8
 0.984375 0.015625000000000003 
 0.03225806451612904 0.9677419354838709 
 0.24999999999999994 0.7499999999999999 
 0.1111111111111111 0.8888888888888888 

8
 0.9285714285714286 0.07142857142857144 
 0.9818181818181817 0.01818181818181818 
 0.09090909090909094 0.9090909090909091 
 0.9642857142857143 0.03571428571428571 

8
 0.4 0.6 
 0.5076923076923077 0.49230769230769234 
 0.4 0.6 
 0.5757575757575757 0.4242424242424242 

8
 0.8181818181818181 0.1818181818181818 
 0.8 0.2 
 0.5918367346938775 0.40816326530612246 
 0.6511627906976745 0.3488372093023256 

8
 0.9166666666666667 0.08333333333333331 
 0.8 0.2 
 0.01960784313725491 0.9803921568627451 
 0.025000000000000005 0.9750000000000001 

8
 0.8571428571428571 0.14285714285714285 
 0.015625000000000003 0.984375 
 0.8999999999999999 0.1 
 0.037037037037037035 0.9629629629629629 

8
 0.018867924528301883 0.9811320754716982 
 0.8999999999999999 0.1 
 0.8333333333333334 0.16666666666666666 
 0.025641025641025633 0.9743589743589742 

8
 0.2 0.8 
 0.9166666666666667 0.08333333333333331 
 0.025000000000000005 0.9750000000000001 
 0.9803921568627451 0.01960784313725491 

4
 0.19047619047619047 0.8095238095238095 
 0.09638554216867473 0.9036144578313253 

8
 0.896551724137931 0.10344827586206895 
 0.5471698113207548 0.45283018867924535 
 0.4 0.6 
 0.9090909090909091 0.09090909090909094 

8
 0.8888888888888888 0.1111111111111111 
 0.2 0.8 
 0.9863013698630138 0.013698630136986302 
 0.047619047619047616 0.9523809523809523 

8
 0.025000000000000005 0.9750000000000001 
 0.978723404255319 0.021276595744680847 
 0.125 0.875 
 0.9230769230769231 0.07692307692307693 

8
 0.5 0.5 
 0.84 0.16 
 0.33333333333333337 0.6666666666666667 
 0.33333333333333337 0.6666666666666667 

8
 0.5 0.5 
 0.9864864864864864 0.013513513513513513 
 0.24999999999999994 0.7499999999999999 
 0.9642857142857143 0.03571428571428571 

8
 0.29999999999999993 0.7 
 0.8181818181818181 0.1818181818181818 
 0.13333333333333333 0.8666666666666667 
 0.8974358974358974 0.10256410256410256 

8
 0.8461538461538461 0.15384615384615385 
 0.5294117647058824 0.47058823529411764 
 0.3658536585365854 0.6341463414634146 
 0.33333333333333337 0.6666666666666667 

8
 0.6666666666666667 0.33333333333333337 
 0.33333333333333337 0.6666666666666667 
 0.08695652173913046 0.9130434782608695 
 0.5 0.5 

8
 0.8999999999999999 0.1 
 0.9230769230769231 0.07692307692307693 
 0.5 0.5 
 0.45783132530120485 0.5421686746987953 

8
 0.5 0.5 
 0.017241379310344827 0.9827586206896551 
 0.9523809523809523 0.047619047619047616 
 0.037037037037037035 0.9629629629629629 

4
 0.9827586206896551 0.017241379310344827 
 0.021739130434782608 0.9782608695652175 

4
 0.5967741935483871 0.4032258064516129 
 0.2142857142857143 0.7857142857142857 

8
 0.047619047619047616 0.9523809523809523 
 0.6341463414634146 0.3658536585365854 
 0.14285714285714285 0.8571428571428571 
 0.16 0.84 

8
 0.14285714285714285 0.8571428571428571 
 0.85 0.15 
 0.7272727272727273 0.2727272727272727 
 0.6296296296296297 0.37037037037037035 

8
 0.0625 0.9375 
 0.037037037037037035 0.9629629629629629 
 0.96875 0.031249999999999997 
 0.9696969696969697 0.0303030303030303 

8
 0.37037037037037035 0.6296296296296297 
 0.5714285714285714 0.42857142857142855 
 0.5789473684210527 0.42105263157894735 
 0.19444444444444442 0.8055555555555556 

8
 0.9791666666666667 0.020833333333333336 
 0.08333333333333331 0.9166666666666667 
 0.026315789473684213 0.9736842105263158 
 0.1 0.8999999999999999 

8
 0.642857142857143 0.35714285714285715 
 0.6486486486486487 0.3513513513513514 
 0.36 0.64 
 0.5 0.5 

8
 0.978723404255319 0.021276595744680847 
 0.04347826086956522 0.9565217391304348 
 0.03333333333333334 0.9666666666666666 
 0.125 0.875 

8
 0.2 0.8 
 0.8857142857142858 0.11428571428571431 
 0.3548387096774194 0.6451612903225806 
 0.9259259259259258 0.07407407407407407 

8
 0.8333333333333334 0.16666666666666666 
 0.04347826086956522 0.9565217391304348 
 0.031249999999999997 0.96875 
 0.021276595744680847 0.978723404255319 

8
 0.33333333333333337 0.6666666666666667 
 0.5 0.5 
 0.44047619047619047 0.5595238095238095 
 0.375 0.625 

8
 0.76 0.24 
 0.4666666666666667 0.5333333333333333 
 0.1818181818181818 0.8181818181818181 
 0.875 0.125 

8
 0.06666666666666665 0.9333333333333333 
 0.04000000000000001 0.96 
 0.9666666666666666 0.03333333333333334 
 0.9736842105263158 0.026315789473684213 

8
 0.46153846153846156 0.5384615384615384 
 0.5238095238095238 0.47619047619047616 
 0.2 0.8 
 0.11363636363636362 0.8863636363636364 

8
 0.052631578947368404 0.9473684210526315 
 0.8888888888888888 0.1111111111111111 
 0.9705882352941176 0.029411764705882353 
 0.021739130434782608 0.9782608695652175 

8
 0.7777777777777779 0.2222222222222222 
 0.2142857142857143 0.7857142857142857 
 0.5 0.5 
 0.027777777777777776 0.9722222222222223 

8
 0.9411764705882353 0.05882352941176471 
 0.9411764705882353 0.05882352941176471 
 0.07692307692307693 0.9230769230769231 
 0.016393442622950824 0.9836065573770493 

8
 0.972972972972973 0.02702702702702703 
 0.16666666666666666 0.8333333333333334 
 0.978723404255319 0.021276595744680847 
 0.9444444444444444 0.055555555555555566 

8
 0.2727272727272727 0.7272727272727273 
 0.8974358974358974 0.10256410256410256 
 0.6666666666666667 0.33333333333333337 
 0.8 0.2 

8
 0.5 0.5 
 0.35714285714285715 0.642857142857143 
 0.08695652173913046 0.9130434782608695 
 0.8125 0.18750000000000003 

8
 0.9655172413793103 0.034482758620689655 
 0.9583333333333334 0.04166666666666666 
 0.03333333333333334 0.9666666666666666 
 0.96 0.04000000000000001 

8
 0.029411764705882353 0.9705882352941176 
 0.9761904761904762 0.023809523809523805 
 0.04545454545454546 0.9545454545454545 
 0.8999999999999999 0.1 

8
 0.8999999999999999 0.1 
 0.05882352941176471 0.9411764705882353 
 0.025000000000000005 0.9750000000000001 
 0.024390243902439025 0.9756097560975611 

8
 0.33333333333333337 0.6666666666666667 
 0.2222222222222222 0.7777777777777779 
 0.025641025641025633 0.9743589743589742 
 0.3508771929824562 0.649122807017544 

8
 0.5 0.5 
 0.6304347826086956 0.3695652173913043 
 0.5 0.5 
 0.9333333333333333 0.06666666666666665 

8
 0.017857142857142856 0.9821428571428572 
 0.05882352941176471 0.9411764705882353 
 0.96 0.04000000000000001 
 0.1 0.8999999999999999 

8
 0.5 0.5 
 0.5 0.5 
 0.375 0.625 
 0.7037037037037037 0.2962962962962963 

8
 0.9629629629629629 0.037037037037037035 
 0.02702702702702703 0.972972972972973 
 0.9615384615384615 0.038461538461538464 
 0.055555555555555566 0.9444444444444444 

8
 0.33333333333333337 0.6666666666666667 
 0.13333333333333333 0.8666666666666667 
 0.9743589743589742 0.025641025641025633 
 0.6888888888888889 0.3111111111111111 

8
 0.1 0.8999999999999999 
 0.578125 0.42187499999999994 
 0.5 0.5 
 0.21875 0.78125 

8
 0.9285714285714286 0.07142857142857144 
 0.9677419354838709 0.03225806451612904 
 0.01960784313725491 0.9803921568627451 
 0.08333333333333331 0.9166666666666667 

8
 0.6129032258064516 0.3870967741935484 
 0.14285714285714285 0.8571428571428571 
 0.33333333333333337 0.6666666666666667 
 0.9803921568627451 0.01960784313725491 

8
 0.7647058823529411 0.23529411764705885 
 0.6666666666666667 0.33333333333333337 
 0.5 0.5 
 0.9397590361445783 0.0602409638554217 

8
 0.03333333333333334 0.9666666666666666 
 0.015151515151515155 0.9848484848484849 
 0.8333333333333334 0.16666666666666666 
 0.16666666666666666 0.8333333333333334 

8
 0.6666666666666667 0.33333333333333337 
 0.2 0.8 
 0.023255813953488365 0.9767441860465117 
 0.017543859649122806 0.9824561403508772 

8
 0.5 0.5 
 0.33333333333333337 0.6666666666666667 
 0.016666666666666666 0.9833333333333334 
 0.9767441860465117 0.023255813953488365 

4
 0.017241379310344827 0.9827586206896551 
 0.9782608695652175 0.021739130434782608 

8
 0.2857142857142857 0.7142857142857143 
 0.7073170731707317 0.2926829268292683 
 0.2222222222222222 0.7777777777777779 
 0.6470588235294118 0.35294117647058826 

8
 0.01818181818181818 0.9818181818181817 
 0.9090909090909091 0.09090909090909094 
 0.03333333333333334 0.9666666666666666 
 0.9166666666666667 0.08333333333333331 

8
 0.03571428571428571 0.9642857142857143 
 0.9629629629629629 0.037037037037037035 
 0.09090909090909094 0.9090909090909091 
 0.023809523809523805 0.9761904761904762 

8
 0.5 0.5 
 0.5 0.5 
 0.6458333333333334 0.35416666666666663 
 0.9642857142857143 0.03571428571428571 

8
 0.04347826086956522 0.9565217391304348 
 0.7499999999999999 0.24999999999999994 
 0.84375 0.15625 
 0.05882352941176471 0.9411764705882353 

8
 0.7884615384615384 0.21153846153846156 
 0.7333333333333333 0.26666666666666666 
 0.2222222222222222 0.7777777777777779 
 0.875 0.125 

8
 0.9473684210526315 0.052631578947368404 
 0.04999999999999999 0.9500000000000001 
 0.031249999999999997 0.96875 
 0.02702702702702703 0.972972972972973 

8
 0.4074074074074074 0.5925925925925926 
 0.15384615384615385 0.8461538461538461 
 0.02857142857142857 0.9714285714285715 
 0.29999999999999993 0.7 

8
 0.5 0.5 
 0.04999999999999999 0.9500000000000001 
 0.5 0.5 
 0.011904761904761908 0.9880952380952381 

8
 0.7735849056603773 0.22641509433962267 
 0.8235294117647058 0.1764705882352941 
 0.5 0.5 
 0.5 0.5 

8
 0.034482758620689655 0.9655172413793103 
 0.9821428571428572 0.017857142857142856 
 0.16666666666666666 0.8333333333333334 
 0.9411764705882353 0.05882352941176471 

8
 0.8076923076923077 0.19230769230769235 
 0.2857142857142857 0.7142857142857143 
 0.2 0.8 
 0.03333333333333334 0.9666666666666666 

8
 0.96 0.04000000000000001 
 0.04000000000000001 0.96 
 0.023809523809523805 0.9761904761904762 
 0.0625 0.9375 

8
 0.0625 0.9375 
 0.9090909090909091 0.09090909090909094 
 0.020408163265306124 0.979591836734694 
 0.96875 0.031249999999999997 

8
 0.9375 0.0625 
 0.9629629629629629 0.037037037037037035 
 0.04000000000000001 0.96 
 0.025000000000000005 0.9750000000000001 

8
 0.3225806451612903 0.6774193548387096 
 0.5 0.5 
 0.125 0.875 
 0.5294117647058824 0.47058823529411764 

8
 0.1111111111111111 0.8888888888888888 
 0.7499999999999999 0.24999999999999994 
 0.5818181818181818 0.4181818181818182 
 0.6818181818181818 0.3181818181818182 

8
 0.02702702702702703 0.972972972972973 
 0.979591836734694 0.020408163265306124 
 0.5 0.5 
 0.9500000000000001 0.04999999999999999 

8
 0.96 0.04000000000000001 
 0.037037037037037035 0.9629629629629629 
 0.9375 0.0625 
 0.025000000000000005 0.9750000000000001 

