BAYES
400
2 2 2 2 2 2 2 2 2 2 2 2 2 2 2 2 2 2 2 2 2 2 2 2 2 2 2 2 2 2 2 2 2 2 2 2 2 2 2 2 2 2 2 2 2 2 2 2 2 2 2 2 2 2 2 2 2 2 2 2 2 2 2 2 2 2 2 2 2 2 2 2 2 2 2 2 2 2 2 2 2 2 2 2 2 2 2 2 2 2 2 2 2 2 2 2 2 2 2 2 2 2 2 2 2 2 2 2 2 2 2 2 2 2 2 2 2 2 2 2 2 2 2 2 2 2 2 2 2 2 2 2 2 2 2 2 2 2 2 2 2 2 2 2 2 2 2 2 2 2 2 2 2 2 2 2 2 2 2 2 2 2 2 2 2 2 2 2 2 2 2 2 2 2 2 2 2 2 2 2 2 2 2 2 2 2 2 2 2 2 2 2 2 2 2 2 2 2 2 2 2 2 2 2 2 2 2 2 2 2 2 2 2 2 2 2 2 2 2 2 2 2 2 2 2 2 2 2 2 2 2 2 2 2 2 2 2 2 2 2 2 2 2 2 2 2 2 2 2 2 2 2 2 2 2 2 2 2 2 2 2 2 2 2 2 2 2 2 2 2 2 2 2 2 2 2 2 2 2 2 2 2 2 2 2 2 2 2 2 2 2 2 2 2 2 2 2 2 2 2 2 2 2 2 2 2 2 2 2 2 2 2 2 2 2 2 2 2 2 2 2 2 2 2 2 2 2 2 2 2 2 2 2 2 2 2 2 2 2 2 2 2 2 2 2 2 2 2 2 2 2 2 2 2 2 2 2 2 2 2 2 2 2 2 2 2 2 2 2 2 2 2 2 2 2 2 2 2 2 2 2 2 2 2 2 2 2 2 2 2 2 2 2 2 2 2 2 2 2 2 
400
3 7 177 0 
3 0 175 1 
3 1 174 2 
3 2 192 3 
3 242 199 4 
3 4 198 5 
3 5 197 6 
3 6 196 7 
3 3 191 8 
3 8 190 9 
3 13 229 10 
3 10 228 11 
3 70 227 12 
3 12 226 13 
3 17 233 14 
3 14 232 15 
3 11 173 16 
3 16 230 17 
3 15 220 18 
3 18 219 19 
3 23 244 20 
3 20 243 21 
3 25 258 22 
3 22 257 23 
3 27 256 24 
3 24 255 25 
3 29 254 26 
3 26 253 27 
3 231 252 28 
3 28 251 29 
3 243 152 30 
2 380 31 
3 31 381 32 
3 32 382 33 
3 33 376 34 
3 34 377 35 
3 35 378 36 
3 36 379 37 
3 37 374 38 
3 38 375 39 
3 49 268 40 
3 40 267 41 
3 218 262 42 
3 42 261 43 
3 43 260 44 
3 44 259 45 
3 45 266 46 
3 46 265 47 
3 47 264 48 
3 48 263 49 
3 55 138 50 
3 50 137 51 
3 58 131 52 
3 52 130 53 
3 53 133 54 
3 54 132 55 
2 134 56 
3 56 136 57 
3 57 135 58 
2 61 59 
2 59 60 
1 61 
2 65 62 
2 62 63 
2 60 64 
2 64 65 
2 63 66 
2 66 67 
3 21 30 68 
3 77 150 69 
3 69 149 70 
2 142 71 
3 71 144 72 
3 72 143 73 
3 73 139 74 
3 74 145 75 
3 75 148 76 
3 76 147 77 
3 81 159 78 
3 78 158 79 
3 83 280 80 
3 80 151 81 
3 85 154 82 
3 82 153 83 
3 86 156 84 
3 84 155 85 
2 157 86 
3 88 11 87 
3 89 10 88 
3 90 13 89 
3 167 12 90 
3 92 15 91 
3 93 14 92 
3 94 17 93 
3 87 16 94 
3 398 9 95 
3 195 348 96 
3 98 19 97 
3 91 18 98 
3 96 347 99 
3 99 350 100 
3 100 349 101 
3 108 168 102 
3 102 167 103 
3 186 146 104 
3 169 160 105 
2 162 106 
3 110 164 107 
3 107 163 108 
3 105 356 109 
3 109 165 110 
3 9 170 111 
3 113 5 112 
3 303 4 113 
3 115 7 114 
3 112 6 115 
3 117 1 116 
3 114 0 117 
3 119 3 118 
3 116 2 119 
3 121 285 120 
3 126 284 121 
3 123 287 122 
3 120 286 123 
3 125 289 124 
3 137 288 125 
3 127 291 126 
3 124 290 127 
3 129 293 128 
3 122 292 129 
3 131 65 130 
3 135 64 131 
3 133 63 132 
3 130 62 133 
2 61 134 
3 136 60 135 
3 134 59 136 
3 138 67 137 
3 132 66 138 
3 143 82 139 
2 293 140 
3 97 385 141 
2 86 142 
3 144 85 143 
3 142 84 144 
3 139 83 145 
3 41 176 146 
3 148 81 147 
3 145 80 148 
3 150 79 149 
3 147 78 150 
3 280 55 151 
3 271 141 152 
3 154 53 153 
3 155 52 154 
3 156 58 155 
3 157 57 156 
2 56 157 
3 159 51 158 
3 151 50 159 
3 294 73 160 
3 171 329 161 
2 71 162 
3 164 77 163 
3 165 76 164 
3 356 75 165 
3 161 328 166 
3 168 70 167 
3 163 69 168 
3 106 294 169 
3 190 399 170 
3 224 333 171 
3 222 327 172 
3 228 394 173 
3 175 370 174 
3 177 373 175 
3 267 68 176 
3 196 372 177 
3 179 47 178 
3 184 46 179 
3 181 49 180 
3 178 48 181 
3 183 43 182 
3 351 42 183 
3 185 45 184 
3 182 44 185 
3 187 41 186 
3 180 40 187 
3 101 352 188 
3 188 351 189 
3 191 365 190 
3 192 364 191 
3 174 371 192 
2 344 193 
3 193 346 194 
3 194 345 195 
3 197 367 196 
3 198 366 197 
3 199 369 198 
3 335 368 199 
3 201 306 200 
3 202 305 201 
3 203 308 202 
3 204 307 203 
3 205 310 204 
3 206 309 205 
3 207 312 206 
3 208 311 207 
3 209 314 208 
3 158 313 209 
3 212 320 210 
3 210 319 211 
2 321 212 
3 216 323 213 
3 213 322 214 
3 211 325 215 
3 215 324 216 
3 214 318 217 
3 217 317 218 
3 220 389 219 
3 232 388 220 
3 166 331 221 
3 221 330 222 
2 332 223 
3 223 334 224 
3 306 281 225 
3 227 391 226 
3 149 390 227 
3 229 393 228 
3 226 392 229 
3 173 395 230 
3 172 326 231 
3 233 397 232 
3 230 396 233 
3 237 338 234 
3 234 337 235 
3 239 340 236 
3 236 339 237 
3 240 342 238 
3 238 341 239 
2 343 240 
3 235 336 241 
3 241 335 242 
3 244 271 243 
3 257 270 244 
3 248 117 245 
3 245 116 246 
3 250 115 247 
3 247 114 248 
3 375 113 249 
3 249 112 250 
3 252 277 251 
3 326 276 252 
3 254 279 253 
3 251 278 254 
3 256 273 255 
3 253 272 256 
3 258 275 257 
3 255 274 258 
3 260 27 259 
3 261 26 260 
3 262 29 261 
3 317 28 262 
3 264 23 263 
3 265 22 264 
3 266 25 265 
3 259 24 266 
3 268 21 267 
3 263 20 268 
3 389 282 269 
3 275 98 270 
3 270 97 271 
3 279 94 272 
3 272 93 273 
3 273 92 274 
3 274 91 275 
3 103 90 276 
3 276 89 277 
3 277 88 278 
3 278 87 279 
3 153 54 280 
3 128 140 281 
3 200 225 282 
3 363 118 283 
2 291 284 
2 284 285 
2 285 286 
2 286 287 
2 67 288 
2 288 289 
2 289 290 
2 290 291 
2 287 292 
2 292 293 
3 162 72 294 
3 316 387 295 
3 297 237 296 
3 301 236 297 
3 299 235 298 
3 296 234 299 
2 240 300 
3 302 239 301 
3 300 238 302 
3 304 242 303 
3 298 241 304 
3 308 129 305 
3 305 128 306 
3 310 123 307 
3 307 122 308 
3 312 121 309 
3 309 120 310 
3 314 127 311 
3 311 126 312 
3 51 125 313 
3 313 124 314 
3 283 398 315 
3 315 95 316 
3 318 231 317 
3 322 172 318 
3 320 171 319 
3 321 224 320 
2 223 321 
3 323 222 322 
3 324 221 323 
3 325 166 324 
3 319 161 325 
3 327 103 326 
3 330 102 327 
3 329 110 328 
3 333 109 329 
3 331 108 330 
3 328 107 331 
2 106 332 
3 334 105 333 
3 332 169 334 
3 336 189 335 
3 337 188 336 
3 338 101 337 
3 339 100 338 
3 340 99 339 
3 341 96 340 
3 342 195 341 
3 343 194 342 
2 193 343 
2 212 344 
3 346 211 345 
3 344 210 346 
3 348 216 347 
3 345 215 348 
3 350 214 349 
3 347 213 350 
3 352 218 351 
3 349 217 352 
3 383 247 353 
3 353 248 354 
3 39 249 355 
3 160 74 356 
3 360 363 357 
3 357 283 358 
3 354 245 359 
3 359 246 360 
3 358 315 361 
3 361 316 362 
3 246 119 363 
3 371 187 364 
3 364 186 365 
3 369 185 366 
3 366 184 367 
3 189 183 368 
3 368 182 369 
3 373 181 370 
3 370 180 371 
3 367 179 372 
3 372 178 373 
3 379 304 374 
3 374 303 375 
3 382 297 376 
3 376 296 377 
3 377 299 378 
3 378 298 379 
2 300 380 
3 380 302 381 
3 381 301 382 
3 355 250 383 
3 219 269 384 
3 19 384 385 
3 362 295 386 
3 95 111 387 
3 397 201 388 
3 388 200 389 
3 79 209 390 
3 390 208 391 
3 391 207 392 
3 392 206 393 
3 393 205 394 
3 394 204 395 
3 395 203 396 
3 396 202 397 
3 118 8 398 
3 365 104 399 

8
 0.9270231920931598 0.07297680790684022 
 0.7873566313068763 0.21264336869312367 
 0.8720074005550416 0.12799259944495836 
 0.19429669030732863 0.8057033096926713 

8
 1.9887437105980166E-5 0.999980112562894 
 0.9999648234135359 3.517658646404951E-5 
 8.03987779385754E-5 0.9999196012220616 
 0.9998871204424877 1.1287955751213452E-4 

8
 0.5 0.5 
 2.6820437173125907E-5 0.9999731795628269 
 0.9999553132540887 4.4686745911162784E-5 
 0.9999752125523634 2.478744763651686E-5 

8
 0.8619288931788932 0.13807110682110682 
 0.09224185751644347 0.9077581424835566 
 0.4199980640789856 0.5800019359210145 
 0.5446015037593985 0.45539849624060147 

8
 0.9998643331976665 1.3566680233346898E-4 
 3.0395136778115523E-5 0.999969604863222 
 0.9998954958720869 1.0450412791305255E-4 
 0.999980066974964 1.9933025035879447E-5 

8
 0.021557099590236953 0.9784429004097629 
 0.8386280065103382 0.16137199348966186 
 0.6851935025076727 0.31480649749232725 
 0.5679172056921087 0.4320827943078913 

8
 0.6918617998163452 0.30813820018365473 
 0.28366673540936277 0.7163332645906373 
 0.01738642736960179 0.9826135726303982 
 0.7867701723750411 0.21322982762495893 

8
 4.193047926537801E-5 0.9999580695207345 
 0.9999745592388124 2.544076118757471E-5 
 5.983724269985635E-5 0.9999401627573 
 0.9999503475670308 4.9652432969215485E-5 

8
 0.06066555740432611 0.9393344425956738 
 0.23744545815152718 0.7625545418484727 
 0.9561656428899753 0.04383435711002466 
 0.08015678295733347 0.9198432170426666 

8
 6.29049506196138E-5 0.9999370950493803 
 6.906077348066295E-5 0.9999309392265193 
 0.999971041352948 2.8958647052009727E-5 
 2.849084019487732E-5 0.9999715091598051 

8
 0.40106544901065444 0.5989345509893456 
 0.22854971204724178 0.7714502879527582 
 0.2780800386893967 0.7219199613106033 
 0.7403555426031839 0.2596444573968162 

8
 0.3482350659425911 0.6517649340574088 
 0.055297323288988606 0.9447026767110114 
 0.9094006122247457 0.09059938777525428 
 0.1117236441739753 0.8882763558260247 

8
 1.402918069584737E-4 0.9998597081930416 
 0.9999791118352341 2.0888164765843663E-5 
 0.9999454505782238 5.45494217761292E-5 
 0.9999625103096649 3.748969033515783E-5 

8
 0.4861751152073733 0.5138248847926268 
 0.24715595449527192 0.752844045504728 
 0.5 0.5 
 0.22979797979797983 0.7702020202020201 

8
 0.5 0.5 
 0.5 0.5 
 0.5 0.5 
 0.5573388532229355 0.4426611467770645 

8
 0.8787857040332999 0.12121429596670019 
 0.5 0.5 
 0.9580735520014457 0.041926447998554266 
 0.5 0.5 

8
 0.5815567320074403 0.41844326799255976 
 0.20594138900040143 0.7940586109995985 
 0.9965221979708825 0.0034778020291175967 
 0.09602411367877134 0.9039758863212287 

8
 0.5 0.5 
 1.639532405357991E-5 0.9999836046759464 
 0.5 0.5 
 2.5633795596113926E-5 0.9999743662044038 

8
 1.5390297956168436E-5 0.999984609702044 
 0.9999621470209705 3.7852979029449656E-5 
 0.9998359849106118 1.6401508938822379E-4 
 0.9996027016289233 3.972983710766787E-4 

8
 0.5 0.5 
 0.9999714514103003 2.8548589699668808E-5 
 0.5 0.5 
 1.5390297956168436E-5 0.999984609702044 

8
 0.9999827921463356 1.720785366441243E-5 
 1.0494280617063701E-4 0.9998950571938293 
 0.999937170143252 6.282985674792662E-5 
 0.9999392097264437 6.079027355623105E-5 

8
 0.45298043379341724 0.5470195662065828 
 0.6103026375223394 0.3896973624776606 
 0.5 0.5 
 0.12477699653688738 0.8752230034631125 

8
 0.7488796289016433 0.2511203710983569 
 0.6689030526668903 0.3310969473331097 
 0.9519107950426348 0.048089204957365274 
 0.02720376667538582 0.9727962333246141 

8
 0.14658598265895953 0.8534140173410404 
 0.9133536742717488 0.08664632572825112 
 0.08944628490298154 0.9105537150970184 
 0.3487369069624153 0.6512630930375848 

8
 0.600886132033673 0.399113867966327 
 0.7596492688476373 0.24035073115236272 
 0.7402188782489739 0.25978112175102597 
 0.07409319736672261 0.9259068026332775 

8
 3.437961976140542E-5 0.9999656203802387 
 0.9999673234650198 3.267653498023067E-5 
 4.787896198410415E-5 0.9999521210380159 
 5.146150679291894E-5 0.9999485384932071 

8
 3.209860692045965E-5 0.9999679013930797 
 1.610720958701116E-5 0.9999838927904129 
 0.999804228660924 1.957713390759592E-4 
 0.9993983152827919 6.016847172081832E-4 

8
 0.4817781337605126 0.5182218662394874 
 0.8188626257898433 0.1811373742101568 
 0.6821774462874319 0.3178225537125682 
 0.7225216065073716 0.2774783934926284 

8
 0.8547049018865065 0.14529509811349345 
 0.05685434516523868 0.9431456548347613 
 0.27061693090542077 0.7293830690945793 
 0.004511490201607217 0.9954885097983928 

8
 0.0034965034965034956 0.9965034965034965 
 0.9999808557480617 1.9144251938355498E-5 
 1.5422578655151144E-4 0.9998457742134486 
 0.999975611540619 2.4388459381020898E-5 

8
 0.17232923808079276 0.8276707619192072 
 0.5 0.5 
 0.1659332296595308 0.8340667703404692 
 0.5 0.5 

4
 0.5903407641095827 0.4096592358904173 
 0.7869935846735214 0.2130064153264786 

8
 2.7734635012203257E-5 0.9999722653649878 
 0.9999707354189226 2.9264581077521887E-5 
 0.9999400155959451 5.998440405494575E-5 
 0.9999237223493517 7.627765064835998E-5 

8
 0.9589814723075399 0.041018527692460116 
 0.9798169225913066 0.020183077408693396 
 0.14265734265734265 0.8573426573426574 
 0.44614077058675394 0.5538592294132461 

8
 1.5322617716010592E-5 0.999984677382284 
 8.353521009105339E-5 0.999916464789909 
 0.9999473905723906 5.260942760942757E-5 
 2.655337227827933E-4 0.9997344662772172 

8
 0.5 0.5 
 5.260942760942757E-5 0.9999473905723906 
 0.9998578131665008 1.4218683349921798E-4 
 1.3519908064625169E-5 0.9999864800919352 

8
 4.710315591144607E-4 0.9995289684408855 
 2.035830618892509E-4 0.9997964169381108 
 0.5 0.5 
 1.0756042206709624E-5 0.9999892439577933 

8
 0.5 0.5 
 0.5 0.5 
 2.448459918711131E-5 0.9999755154008129 
 1.6902741624691514E-5 0.9999830972583752 

8
 0.5 0.5 
 0.5 0.5 
 0.9999755154008129 2.448459918711131E-5 
 1.6902741624691514E-5 0.9999830972583752 

8
 0.6065448037837147 0.39345519621628533 
 0.3049051512024764 0.6950948487975235 
 0.3715456509013101 0.6284543490986899 
 0.01672727272727273 0.9832727272727272 

8
 0.9997850386930353 2.1496130696474627E-4 
 0.9999758045003628 2.4195499637067513E-5 
 6.197322756569155E-5 0.9999380267724343 
 2.6392187912377916E-5 0.9999736078120876 

8
 0.9999734972967242 2.6502703275734125E-5 
 0.9998787878787878 1.2121212121212124E-4 
 0.9999770589584767 2.2941041523285176E-5 
 9.582215408202377E-5 0.999904177845918 

8
 0.4630514565333741 0.5369485434666259 
 0.4531491333447743 0.5468508666552256 
 0.7756212253930201 0.22437877460697986 
 0.5296577681745313 0.47034223182546875 

8
 0.7274030535445488 0.27259694645545124 
 0.6440046372971183 0.3559953627028818 
 0.3063220088626293 0.6936779911373708 
 0.22724670864338864 0.7727532913566113 

8
 0.4141327518192732 0.5858672481807268 
 0.48503220917014017 0.5149677908298598 
 0.5053310404127257 0.49466895958727425 
 0.6849225398210779 0.31507746017892213 

8
 0.8661498990119547 0.1338501009880452 
 0.35403726708074534 0.6459627329192547 
 0.5268595041322315 0.47314049586776863 
 0.8343351845802025 0.16566481541979744 

8
 0.6330286996953663 0.36697130030463365 
 0.7385127915016657 0.2614872084983343 
 0.213100115558357 0.786899884441643 
 0.39182946513051703 0.6081705348694829 

8
 0.14154700132738024 0.8584529986726197 
 0.05326547921967768 0.9467345207803223 
 0.5432834441980784 0.4567165558019216 
 0.5198551448551448 0.4801448551448552 

8
 0.39291633952717436 0.6070836604728256 
 0.9800850302081002 0.01991496979189976 
 0.25217279616389093 0.7478272038361091 
 0.1745857287791681 0.8254142712208319 

8
 0.08878978309345226 0.9112102169065478 
 0.8983579139425268 0.10164208605747302 
 0.16040768862439292 0.839592311375607 
 0.3886416742862948 0.6113583257137052 

8
 0.5 0.5 
 0.999920729290527 7.927070947284976E-5 
 0.5 0.5 
 0.9999885569121972 1.144308780281272E-5 

8
 1.3191915993878946E-5 0.9999868080840061 
 4.1322314049586793E-5 0.9999586776859505 
 0.5 0.5 
 0.5 0.5 

8
 0.9999818728927238 1.8127107276220856E-5 
 6.52741514360313E-5 0.9999347258485639 
 0.9999490601599511 5.0939840048902233E-5 
 1.0110201193003745E-4 0.99989889798807 

8
 0.9676797317124293 0.03232026828757074 
 0.6856032350516273 0.3143967649483727 
 0.05128205128205127 0.9487179487179486 
 0.07132421997286863 0.9286757800271312 

8
 0.4174361138957773 0.5825638861042227 
 0.43564356435643564 0.5643564356435643 
 0.24981023227569454 0.7501897677243055 
 0.428035043804756 0.571964956195244 

8
 3.536568114301885E-5 0.999964634318857 
 1.448016217781639E-4 0.9998551983782218 
 1.9153052038842403E-5 0.9999808469479611 
 0.999920729290527 7.927070947284976E-5 

4
 0.9999858393044266 1.4160695573366557E-5 
 3.402981011365954E-5 0.9999659701898864 

8
 3.833180006133091E-5 0.9999616681999387 
 2.2455762148567304E-5 0.9999775442378516 
 0.9998685421322465 1.3145786775338507E-4 
 4.591157430788304E-5 0.9999540884256922 

8
 0.7605015673981191 0.2394984326018809 
 0.16594612570668438 0.8340538742933157 
 0.8966732232959891 0.10332677670401094 
 0.4671126304001886 0.5328873695998114 

4
 0.9047629688390333 0.0952370311609667 
 0.314636701266546 0.6853632987334539 

4
 0.8090124936226759 0.190987506377324 
 0.7823293683607914 0.2176706316392087 

2
 0.895002099958 0.10499790004199905 

4
 1.2424675405355028E-5 0.9999875753245946 
 0.9999487678672063 5.123213279368818E-5 

4
 5.123213279368818E-5 0.9999487678672063 
 0.9999875753245946 1.2424675405355028E-5 

4
 1.2424675405355028E-5 0.9999875753245946 
 0.9999487678672063 5.123213279368818E-5 

4
 5.123213279368818E-5 0.9999487678672063 
 0.9999875753245946 1.2424675405355028E-5 

4
 1.2424675405355028E-5 0.9999875753245946 
 0.9999487678672063 5.123213279368818E-5 

4
 0.9999487678672063 5.123213279368818E-5 
 1.2424675405355028E-5 0.9999875753245946 

8
 1.1693171188026193E-4 0.9998830682881198 
 2.4019407681406573E-5 0.9999759805923185 
 0.9998794745088587 1.2052549114137639E-4 
 0.9999759187015363 2.408129846361318E-5 

8
 0.9999861228681257 1.3877131874384193E-5 
 1.024275325207416E-4 0.9998975724674791 
 0.9998801821231728 1.1981787682722261E-4 
 0.9998983533238464 1.0164667615368973E-4 

8
 0.9999805855401104 1.941445988972587E-5 
 2.5816445075513077E-5 0.9999741835549246 
 1.5946420028703547E-4 0.999840535799713 
 0.9997137950772754 2.8620492272467095E-4 

4
 0.7033428743993068 0.29665712560069324 
 0.18211559432933477 0.8178844056706651 

8
 0.5 0.5 
 1.7268174753928513E-5 0.9999827318252461 
 0.5 0.5 
 2.375635482491566E-5 0.999976243645175 

8
 0.5 0.5 
 0.5 0.5 
 1.0572836269057536E-5 0.999989427163731 
 1.84433788270011E-4 0.99981556621173 

8
 0.5 0.5 
 0.5 0.5 
 0.48008115086683883 0.5199188491331612 
 0.42222621640481284 0.5777737835951873 

8
 3.627788862688192E-5 0.9999637221113731 
 6.67779632721202E-5 0.9999332220367277 
 0.9999734579042361 2.6542095763881513E-5 
 0.9999494745351658 5.052546483427646E-5 

8
 0.0112577214079462 0.9887422785920538 
 0.991099006941446 0.008900993058553923 
 0.3351732295106204 0.6648267704893794 
 0.34136365679356373 0.6586363432064363 

8
 5.4999450005499945E-5 0.9999450005499945 
 0.9999620680499184 3.7931950081553706E-5 
 0.9999467234949386 5.327650506126795E-5 
 0.9999727468454472 2.7253154552639456E-5 

8
 0.514052901295477 0.4859470987045231 
 0.6772734614763366 0.3227265385236634 
 0.5630738652321386 0.43692613476786135 
 0.13807700060471675 0.8619229993952833 

8
 0.9999807570188773 1.92429811226355E-5 
 0.5 0.5 
 0.9999791827133251 2.0817286674854805E-5 
 0.5 0.5 

8
 5.3653825517759426E-5 0.9999463461744823 
 0.9999788050274476 2.119497255251054E-5 
 5.034486230680157E-5 0.9999496551376933 
 6.98031551026107E-5 0.9999301968448975 

8
 0.7213496958521438 0.2786503041478561 
 0.5 0.5 
 0.1712707182320442 0.8287292817679557 
 0.1925740955438628 0.8074259044561372 

8
 0.18368650835906722 0.8163134916409327 
 0.49021427121690975 0.5097857287830903 
 0.3917674546454095 0.6082325453545904 
 0.7367896311066799 0.26321036889332006 

8
 6.98031551026107E-5 0.9999301968448975 
 5.034486230680157E-5 0.9999496551376933 
 0.9999788050274476 2.119497255251054E-5 
 0.9999463461744823 5.3653825517759426E-5 

8
 2.864098524989258E-5 0.9999713590147501 
 0.5 0.5 
 1.536357909938698E-5 0.9999846364209006 
 0.5 0.5 

8
 0.5 0.5 
 0.5 0.5 
 0.987675811168361 0.012324188831639047 
 0.7445566778900113 0.25544332210998877 

4
 0.5968148097733614 0.4031851902266385 
 0.24607040697839078 0.7539295930216092 

8
 0.603469247448305 0.39653075255169495 
 0.11357415855011713 0.8864258414498828 
 0.2694574449644652 0.7305425550355349 
 0.4837619802799421 0.5162380197200579 

8
 0.5368122430862459 0.46318775691375413 
 0.6567331437939694 0.34326685620603065 
 0.5 0.5 
 0.5 0.5 

8
 0.5 0.5 
 0.5 0.5 
 0.9999728504330356 2.7149566964406894E-5 
 0.9999841699514018 1.5830048598249214E-5 

8
 1.2718762718762713E-5 0.9999872812372811 
 1.402918069584737E-4 0.9998597081930416 
 7.015574575557744E-5 0.9999298442542444 
 0.5 0.5 

8
 0.5 0.5 
 0.5 0.5 
 0.7986147584033613 0.20138524159663865 
 0.2828611240130051 0.7171388759869949 

8
 1.794172527630256E-5 0.9999820582747238 
 2.25896810337038E-5 0.9999774103189664 
 0.5 0.5 
 0.5 0.5 

8
 0.5 0.5 
 0.9999817121120682 1.8287887931822764E-5 
 0.5 0.5 
 0.9999779361472101 2.206385278997419E-5 

8
 0.9184538653366584 0.08154613466334165 
 0.12282575526396096 0.877174244736039 
 0.8097936255953108 0.1902063744046892 
 0.057942482146303806 0.9420575178536963 

8
 2.8958647052009727E-5 0.999971041352948 
 2.67201068804275E-5 0.9999732798931197 
 0.5 0.5 
 0.9999643481051018 3.565189489821387E-5 

8
 0.9996247654784239 3.7523452157598494E-4 
 1.9825535289452804E-4 0.9998017446471056 
 0.9999737642984574 2.623570154265927E-5 
 0.9999815440267242 1.8455973275750685E-5 

8
 0.15545863815419245 0.8445413618458076 
 0.28057610577679837 0.7194238942232016 
 0.7797155760545786 0.2202844239454214 
 0.6494983750176628 0.35050162498233717 

8
 0.33184770151534443 0.6681522984846555 
 0.9370493193999923 0.06295068060000772 
 0.5577543370237992 0.4422456629762008 
 0.16953935326418548 0.8304606467358147 

8
 0.6589336138641272 0.3410663861358729 
 0.6341744525368449 0.36582554746315504 
 0.298770816812054 0.701229183187946 
 0.5 0.5 

8
 2.7316433566433563E-5 0.9999726835664334 
 3.778718258766628E-5 0.9999622128174124 
 0.9999534233814625 4.657661853749417E-5 
 6.465795939480146E-5 0.9999353420406052 

8
 5.7706734375901635E-5 0.9999422932656241 
 0.9997586290127927 2.4137098720733772E-4 
 3.393857118615307E-5 0.999966061428814 
 2.037863503902509E-5 0.9999796213649609 

8
 0.7923139346162764 0.2076860653837236 
 0.7948240303373029 0.2051759696626971 
 0.31680092059838894 0.6831990794016111 
 0.3115254884490549 0.6884745115509451 

8
 2.1071263011504925E-5 0.9999789287369885 
 1.2929919834497031E-4 0.999870700801655 
 2.611375150154073E-5 0.9999738862484984 
 0.9998466727997546 1.5332720024532353E-4 

8
 0.39829951957971865 0.6017004804202813 
 0.002179598953792502 0.9978204010462075 
 0.47823019552509577 0.5217698044749043 
 0.47277742825339986 0.5272225717466003 

8
 0.9999594830031199 4.0516996880191225E-5 
 2.2430577363061346E-5 0.9999775694226368 
 1.0161568946245297E-4 0.9998983843105377 
 0.999952162265595 4.783773440489857E-5 

4
 0.9999633538551745 3.664614482556432E-5 
 1.3752131580394973E-5 0.9999862478684195 

8
 0.5 0.5 
 1.7401593986009126E-5 0.9999825984060141 
 0.9999764916075038 2.350839249612111E-5 
 0.5 0.5 

8
 0.11379033552737197 0.886209664472628 
 0.06546731022378234 0.9345326897762176 
 0.7771676852559206 0.22283231474407944 
 0.8145699614890886 0.18543003851091142 

8
 0.999952162265595 4.783773440489857E-5 
 4.0516996880191225E-5 0.9999594830031199 
 2.2430577363061346E-5 0.9999775694226368 
 1.0161568946245297E-4 0.9998983843105377 

8
 0.9999171911228883 8.28088771116264E-5 
 1.1325028312570782E-4 0.9998867497168743 
 0.9999779696862884 2.203031371166727E-5 
 2.9664787896766523E-5 0.9999703352121031 

8
 9.752291788570324E-5 0.9999024770821142 
 0.9999588138385502 4.118616144975288E-5 
 2.431078912821512E-5 0.9999756892108718 
 0.9999589153656533 4.1084634346754285E-5 

8
 0.8595884718944253 0.14041152810557458 
 0.9172468113217134 0.08275318867828649 
 0.08742763841472465 0.9125723615852752 
 0.3539655895929501 0.64603441040705 

8
 3.2717160150498954E-5 0.9999672828398495 
 0.9999348067018711 6.519329812895242E-5 
 0.9999726334802004 2.7366519799677075E-5 
 0.9999430621192279 5.6937880772077614E-5 

8
 0.4622700538105369 0.5377299461894631 
 0.3462659101364821 0.6537340898635178 
 0.1380190958242264 0.8619809041757736 
 0.8215051419019587 0.1784948580980414 

8
 2.303722816070772E-5 0.9999769627718393 
 3.626341746446187E-5 0.9999637365825356 
 0.9999493619607048 5.063803929511846E-5 
 0.9998921949115999 1.0780508840017252E-4 

8
 0.9999490835030549 5.091649694501015E-5 
 0.9999674298928444 3.2570107155652524E-5 
 5.666685555618516E-5 0.9999433331444438 
 3.1232431757136596E-5 0.9999687675682429 

8
 0.1482690607359042 0.8517309392640957 
 0.6150036023054755 0.3849963976945245 
 0.635939559882365 0.36406044011763516 
 0.7651329343667223 0.23486706563327775 

8
 4.012358062833524E-5 0.9999598764193717 
 0.999973543573734 2.6456426265939984E-5 
 0.9999436047823144 5.639521768554025E-5 
 0.9999488621835848 5.113781641523909E-5 

8
 0.9999674298928444 3.2570107155652524E-5 
 5.091649694501015E-5 0.9999490835030549 
 0.9999687675682429 3.1232431757136596E-5 
 5.666685555618516E-5 0.9999433331444438 

8
 2.6638962146034768E-5 0.9999733610378541 
 0.999867003590903 1.3299640909695444E-4 
 2.3744509082274716E-5 0.9999762554909178 
 7.7911959485781E-5 0.9999220880405143 

8
 5.286250462546916E-5 0.9999471374953746 
 5.873715124816448E-5 0.9999412628487518 
 0.9999778053977273 2.2194602272727267E-5 
 5.260389268805897E-5 0.999947396107312 

8
 0.5 0.5 
 2.97238652914425E-5 0.9999702761347086 
 0.9999845535990114 1.5446400988569654E-5 
 6.161429451632779E-4 0.9993838570548368 

8
 1.6954899966090201E-4 0.9998304510003391 
 6.161429451632779E-4 0.9993838570548368 
 1.6994086058051815E-5 0.9999830059139418 
 0.9999702761347086 2.97238652914425E-5 

8
 0.9999394929509289 6.050704907121685E-5 
 0.9999682237051161 3.17762948840165E-5 
 0.9999355129941316 6.44870058683176E-5 
 2.7394258163488924E-5 0.9999726057418366 

8
 0.37728637728637726 0.6227136227136227 
 0.6175840413742151 0.38241595862578504 
 0.5605511638120334 0.4394488361879666 
 0.9911460073504844 0.008853992649515538 

8
 0.23474934568149788 0.765250654318502 
 0.5555555555555556 0.4444444444444445 
 0.5226291429813935 0.4773708570186065 
 0.03320415133998948 0.9667958486600104 

8
 2.1569853972088597E-5 0.9999784301460278 
 5.833965346245843E-5 0.9999416603465376 
 3.191421459117889E-5 0.9999680857854089 
 0.9998066511987626 1.9334880123743245E-4 

8
 0.5 0.5 
 2.8357531760435584E-5 0.9999716424682396 
 0.9999845535990114 1.5446400988569654E-5 
 0.5 0.5 

8
 0.5 0.5 
 1.5446400988569654E-5 0.9999845535990114 
 0.9999716424682396 2.8357531760435584E-5 
 0.5 0.5 

8
 0.342011737854581 0.657988262145419 
 0.21371776770454043 0.7862822322954596 
 0.2765968559043192 0.7234031440956807 
 0.12351583113456464 0.8764841688654353 

8
 0.8346397347000301 0.16536026529996986 
 0.8345562085875791 0.16544379141242094 
 0.6145728253278497 0.38542717467215026 
 0.6190828129041794 0.3809171870958206 

8
 0.9999875753245946 1.2424675405355028E-5 
 6.290890790135882E-5 0.9999370910920986 
 0.5 0.5 
 2.7586206896551736E-4 0.9997241379310345 

8
 2.7586206896551736E-4 0.9997241379310345 
 0.9999619410085632 3.8058991436726906E-5 
 0.9999370910920986 6.290890790135882E-5 
 0.9999815538995056 1.8446100494355482E-5 

4
 0.7376959431527434 0.2623040568472565 
 0.437291686506047 0.562708313493953 

8
 3.695354938841875E-5 0.9999630464506116 
 0.9998492613807657 1.507386192342478E-4 
 0.9999812825216187 1.871747838131247E-5 
 7.759757895553653E-5 0.9999224024210446 

8
 0.37309412648143914 0.6269058735185609 
 0.3453321939756463 0.6546678060243538 
 0.09193555391496938 0.9080644460850306 
 0.8630718440496778 0.1369281559503223 

8
 0.5 0.5 
 0.5 0.5 
 0.693375685229776 0.3066243147702238 
 0.773684537491458 0.22631546250854195 

8
 0.5 0.5 
 1.2424675405355028E-5 0.9999875753245946 
 5.123213279368818E-5 0.9999487678672063 
 0.5 0.5 

8
 3.1480198954857414E-5 0.9999685198010451 
 1.5919004107103073E-5 0.999984080995893 
 0.9995872884853488 4.1271151465125896E-4 
 0.9996667777407531 3.3322225924691754E-4 

4
 0.9999845535990114 1.5446400988569654E-5 
 2.8357531760435584E-5 0.9999716424682396 

8
 5.2991362407927474E-5 0.999947008637592 
 4.343859953955082E-5 0.9999565614004604 
 0.999968384445147 3.161555485298766E-5 
 0.9999622442044853 3.775579551461148E-5 

4
 0.8844049835314334 0.11559501646856651 
 0.6957089523575413 0.3042910476424588 

8
 0.5 0.5 
 0.5 0.5 
 0.9919206306328431 0.008079369367156995 
 0.7433466221312358 0.25665337786876413 

8
 0.5 0.5 
 1.3129907302854435E-5 0.9999868700926973 
 0.5 0.5 
 4.194279003439313E-5 0.9999580572099656 

8
 3.3322225924691754E-4 0.9996667777407531 
 0.9995872884853488 4.1271151465125896E-4 
 0.999984080995893 1.5919004107103073E-5 
 3.1480198954857414E-5 0.9999685198010451 

8
 0.8090909090909091 0.19090909090909092 
 0.5461633054599114 0.4538366945400885 
 0.7291107704101187 0.27088922958988115 
 0.5 0.5 

8
 0.26329914122137404 0.7367008587786259 
 0.3352114500356195 0.6647885499643806 
 0.6753727202101292 0.3246272797898709 
 0.15513088798515418 0.8448691120148458 

8
 0.2923052791969167 0.7076947208030833 
 0.3506525008489788 0.6493474991510212 
 0.6962818003913894 0.30371819960861063 
 0.7946727927480441 0.2053272072519558 

8
 0.5618804800696474 0.4381195199303526 
 0.5 0.5 
 0.6428389203530791 0.35716107964692073 
 0.5 0.5 

8
 5.102301137813158E-5 0.9999489769886218 
 0.9999423730767014 5.762692329856513E-5 
 0.9999691071980229 3.0892801977139315E-5 
 0.9999674118490517 3.258815094831519E-5 

8
 0.9997943233237351 2.0567667626491162E-4 
 2.9727399744344358E-5 0.9999702726002556 
 0.9998710509348807 1.2894906511927786E-4 
 0.9999813960410776 1.8603958922458695E-5 

8
 0.9997708524289644 2.29147571035747E-4 
 0.9999761279541657 2.3872045834328016E-5 
 0.9999813960410776 1.8603958922458695E-5 
 0.5 0.5 

8
 0.9999742917373644 2.5708262635611086E-5 
 0.9999557698261754 4.4230173824583133E-5 
 4.810236182596562E-5 0.9999518976381739 
 5.645889792231258E-5 0.9999435411020776 

8
 0.19770500725689402 0.802294992743106 
 0.11949685534591194 0.8805031446540881 
 0.8491156230449868 0.15088437695501336 
 0.6237522257594561 0.3762477742405439 

8
 0.35149821236025197 0.648501787639748 
 0.1337737127371274 0.8662262872628725 
 0.5 0.5 
 0.5 0.5 

8
 0.9998685421322465 1.3145786775338507E-4 
 0.9999540884256922 4.591157430788304E-5 
 0.5 0.5 
 0.9999858393044266 1.4160695573366557E-5 

4
 1.4160695573366557E-5 0.9999858393044266 
 0.9999659701898864 3.402981011365954E-5 

8
 0.5 0.5 
 0.999987130318396 1.2869681604077114E-5 
 0.5 0.5 
 0.99995516097211 4.483902788987533E-5 

8
 0.6720711218262638 0.32792887817373617 
 0.5 0.5 
 0.9839769315377985 0.016023068462201612 
 0.5 0.5 

8
 0.5 0.5 
 0.17913952111007703 0.820860478889923 
 0.5 0.5 
 0.4940638749810347 0.5059361250189651 

8
 0.16264035386185777 0.8373596461381422 
 0.5181000691722388 0.48189993082776117 
 0.1522044834146745 0.8477955165853255 
 0.13416350183837436 0.8658364981616258 

4
 0.09226385771024001 0.90773614228976 
 0.5213332066327743 0.47866679336722573 

8
 0.7947533764734311 0.20524662352656875 
 0.29186331885973194 0.7081366811402681 
 0.6835871783943832 0.31641282160561673 
 0.8856211686195391 0.11437883138046091 

8
 3.316859597333247E-5 0.9999668314040268 
 3.660456092829166E-5 0.9999633954390718 
 0.9999305362600723 6.946373992775773E-5 
 0.9999644684479818 3.553155201819218E-5 

8
 0.9999734804285563 2.6519571443725474E-5 
 3.5999712002304E-5 0.9999640002879977 
 0.9999493927125506 5.060728744939268E-5 
 6.774149844194556E-5 0.999932258501558 

8
 0.3998167379352474 0.6001832620647526 
 0.013070220399794974 0.986929779600205 
 0.5562046279491834 0.4437953720508167 
 0.8385516741739377 0.1614483258260623 

8
 0.9999740340673037 2.5965932696302474E-5 
 0.9999674817898023 3.25182101977107E-5 
 0.9999393571861734 6.06428138265616E-5 
 7.015574575557744E-5 0.9999298442542444 

8
 0.6473271300857508 0.3526728699142492 
 0.6461919845751274 0.3538080154248726 
 0.8832495607045073 0.11675043929549261 
 0.152555910543131 0.8474440894568691 

8
 0.016819571865443424 0.9831804281345566 
 0.9737444725205305 0.026255527479469368 
 0.6646659016682849 0.335334098331715 
 0.5272242901977958 0.4727757098022042 

8
 0.0990668221963006 0.9009331778036993 
 0.47678334910122994 0.5232166508987702 
 0.5328896188088859 0.46711038119111414 
 0.7957379636937648 0.20426203630623524 

8
 2.313690104347425E-5 0.9999768630989566 
 0.9999541830843949 4.5816915605241415E-5 
 4.2582183614375745E-5 0.9999574178163856 
 8.713078330574182E-5 0.9999128692166943 

8
 0.035765722515602505 0.9642342774843976 
 0.8922548071758513 0.10774519282414867 
 0.4778048554770645 0.5221951445229355 
 0.5654434405128465 0.43455655948715355 

8
 0.9999506099669085 4.939003309132222E-5 
 0.9999515292520964 4.847074790364017E-5 
 0.9999652451951482 3.475480485177073E-5 
 3.294133148861875E-5 0.9999670586685114 

8
 2.478744763651686E-5 0.9999752125523634 
 0.9999553132540887 4.4686745911162784E-5 
 6.47710343934193E-5 0.9999352289656066 
 4.577077993409007E-5 0.9999542292200659 

8
 4.281188457915918E-5 0.9999571881154209 
 0.9999775497833554 2.2450216644590637E-5 
 7.179266278986281E-5 0.9999282073372101 
 0.9999449884475741 5.501155242600944E-5 

8
 2.3628372950238646E-5 0.9999763716270498 
 2.564102564102562E-5 0.9999743589743589 
 0.9998666844420744 1.3331555792560988E-4 
 0.9999105945462674 8.940545373267767E-5 

8
 0.33015706806282724 0.6698429319371728 
 0.9654256558408275 0.03457434415917245 
 0.6955099674995342 0.3044900325004658 
 0.6533213644524237 0.3466786355475763 

8
 0.999909453096704 9.054690329590731E-5 
 2.445286709866733E-5 0.9999755471329014 
 5.465974309920739E-5 0.9999453402569007 
 3.35863505071539E-5 0.9999664136494929 

8
 5.928385107896611E-5 0.9999407161489211 
 0.9999308962753093 6.910372469076086E-5 
 0.999973310558343 2.6689441656880554E-5 
 3.205025479952566E-5 0.9999679497452004 

8
 0.4616497829232996 0.5383502170767005 
 0.8177083333333334 0.18229166666666666 
 0.6997577495426905 0.30024225045730946 
 0.4292531847754101 0.5707468152245899 

8
 0.9998782566350133 1.2174336498660817E-4 
 3.5310734463276836E-4 0.9996468926553672 
 3.576537911301858E-5 0.999964234620887 
 1.6392905150650807E-5 0.9999836070948493 

8
 0.8954004202661686 0.10459957973383144 
 0.7921332455067281 0.20786675449327185 
 0.975263916481633 0.024736083518367036 
 0.7085131011259601 0.29148689887403983 

8
 5.679881858457346E-5 0.9999432011814153 
 4.925380485642516E-5 0.9999507461951437 
 0.9999724692343694 2.7530765630592192E-5 
 3.879577901924272E-5 0.9999612042209807 

8
 0.28847969782813976 0.7115203021718604 
 0.28558207501217725 0.7144179249878228 
 0.3144717922693056 0.6855282077306944 
 0.38719271623672236 0.6128072837632776 

8
 0.9999751620675094 2.483793249049947E-5 
 2.3183030022023856E-5 0.999976816969978 
 1.1352026336701104E-4 0.9998864797366329 
 0.9998718441625015 1.2815583749839807E-4 

8
 0.7266130784271128 0.2733869215728872 
 0.6003861003861004 0.39961389961389954 
 0.2801791456132292 0.7198208543867708 
 0.04784462340123165 0.9521553765987683 

8
 0.20443940375891118 0.7955605962410889 
 0.9466061481328657 0.0533938518671343 
 0.8891019706388045 0.11089802936119561 
 0.32060018126279743 0.6793998187372026 

8
 0.9992542878448919 7.457121551081285E-4 
 3.5663338088445074E-4 0.9996433666191155 
 1.676136839811602E-5 0.9999832386316019 
 2.7622783271642422E-5 0.9999723772167284 

8
 0.0011098779134295232 0.9988901220865706 
 0.9977375565610861 0.0022624434389140274 
 0.9999729788153913 2.7021184608733236E-5 
 1.621875861621553E-5 0.9999837812413838 

8
 0.9999653187209544 3.468127904557121E-5 
 3.9766174891637195E-5 0.9999602338251085 
 0.9999536929844871 4.630701551285016E-5 
 4.0929927963326786E-5 0.9999590700720365 

8
 0.9975241779497099 0.0024758220502901357 
 0.3113612798103984 0.6886387201896015 
 0.30490388387602985 0.6950961161239702 
 0.0949098295069859 0.9050901704930141 

8
 0.1947799302909946 0.8052200697090054 
 0.025092103953002095 0.974907896046998 
 0.6986061087983535 0.30139389120164645 
 0.3728133065672497 0.6271866934327501 

4
 2.3197012224825456E-5 0.9999768029877752 
 0.9999824237630723 1.75762369276738E-5 

8
 2.645082791091359E-5 0.9999735491720891 
 5.23807029490336E-5 0.9999476192970509 
 0.9999286224125625 7.137758743754464E-5 
 3.436308030651866E-5 0.9999656369196934 

8
 0.9998702478266511 1.2975217334890366E-4 
 1.586042823156225E-4 0.9998413957176845 
 4.23639059521288E-5 0.9999576360940479 
 1.602795274959529E-5 0.9999839720472503 

8
 0.9997997196074505 2.0028039254956943E-4 
 0.9999437570303711 5.6242969628796445E-5 
 0.9999437886453063 5.621135469364816E-5 
 1.6822272689040276E-5 0.9999831777273109 

8
 1.8422991893883573E-4 0.999815770081061 
 1.3926218892308556E-5 0.9999860737811078 
 0.9998819780479168 1.1802195208308747E-4 
 0.9999300699300699 6.993006993007E-5 

8
 0.6045024824865673 0.39549751751343265 
 0.9932945909700491 0.0067054090299508255 
 0.18471380471380472 0.8152861952861953 
 0.929109619162098 0.07089038083790201 

8
 2.192021043402015E-5 0.999978079789566 
 0.9999409611524382 5.903884756169566E-5 
 5.08931752252023E-5 0.9999491068247748 
 5.617661929105109E-5 0.9999438233807089 

8
 1.8811490058127508E-5 0.9999811885099418 
 0.5 0.5 
 2.1346995410395995E-5 0.9999786530045895 
 0.5 0.5 

8
 0.6820183321351545 0.31798166786484544 
 0.5496646957023363 0.4503353042976636 
 0.5 0.5 
 0.33620612263219324 0.6637938773678069 

8
 0.9999817157902436 1.8284209756454322E-5 
 4.4887332794685316E-5 0.9999551126672053 
 0.5 0.5 
 0.9999565896857092 4.341031429067544E-5 

8
 4.341031429067544E-5 0.9999565896857092 
 0.9999120260402921 8.797395970792654E-5 
 0.9999551126672053 4.4887332794685316E-5 
 0.9999769197036491 2.3080296351005157E-5 

8
 0.9999447391688772 5.526083112290007E-5 
 3.040252949045362E-5 0.9999695974705096 
 0.999938676641933 6.132335806708779E-5 
 3.0568886986824845E-5 0.9999694311130132 

8
 3.0295685894328663E-5 0.9999697043141057 
 0.9999611484517659 3.885154823419716E-5 
 0.9999603944710682 3.9605528931838905E-5 
 6.245316012990255E-5 0.99993754683987 

8
 0.692878057995655 0.307121942004345 
 0.27034982452168 0.72965017547832 
 0.47374213836477985 0.5262578616352201 
 0.7796541713997224 0.22034582860027765 

8
 0.3468928509607062 0.6531071490392937 
 0.008494921514312094 0.9915050784856879 
 0.6642540620384048 0.3357459379615953 
 0.7062632803804512 0.29373671961954867 

8
 0.577207790959257 0.4227922090407429 
 0.5 0.5 
 0.5 0.5 
 0.058964475466194384 0.9410355245338056 

8
 2.0835503698301926E-5 0.9999791644963018 
 0.9999807725585956 1.9227441404372306E-5 
 0.5 0.5 
 0.5 0.5 

8
 0.651508728660064 0.348491271339936 
 0.6583514675441855 0.3416485324558145 
 0.21898713739841774 0.7810128626015822 
 0.6632951224994381 0.3367048775005619 

8
 0.5584770114942529 0.4415229885057471 
 0.4470092596655988 0.5529907403344012 
 0.08566497093023256 0.9143350290697675 
 0.18172016662582702 0.8182798333741731 

4
 0.9432229221702906 0.056777077829709394 
 0.338878607709572 0.661121392290428 

8
 0.999923925446938 7.607455306200082E-5 
 3.582560097445632E-5 0.9999641743990254 
 4.9103854652590215E-5 0.9999508961453474 
 0.9999740831929507 2.5916807049371533E-5 

8
 0.9999620709273659 3.7929072634174116E-5 
 0.9999605755962941 3.9424403705893985E-5 
 0.9999640830400115 3.591695998850658E-5 
 4.89332550401253E-5 0.9999510667449599 

8
 3.04989630352568E-5 0.9999695010369648 
 0.9995879686856202 4.1203131437989276E-4 
 0.9999832124630674 1.6787536932581262E-5 
 1.913875598086124E-4 0.9998086124401914 

8
 0.11954996370675056 0.8804500362932496 
 0.46324703605129447 0.5367529639487055 
 0.506619437679876 0.49338056232012395 
 0.9788695877625098 0.02113041223749028 

8
 1.8706973959892246E-5 0.9999812930260401 
 0.9999617063644022 3.8293635597763664E-5 
 0.9999510667449599 4.89332550401253E-5 
 0.5 0.5 

8
 0.658119658119658 0.34188034188034183 
 0.6759047524358719 0.3240952475641281 
 0.3808362546359803 0.6191637453640197 
 0.7438341968911917 0.25616580310880827 

8
 0.5 0.5 
 1.4070436605647877E-5 0.9999859295633943 
 0.5 0.5 
 3.456261016831993E-5 0.9999654373898317 

8
 0.08033836519138196 0.9196616348086181 
 0.8822623939343824 0.11773760606561755 
 0.5 0.5 
 0.5 0.5 

8
 0.7723143280765602 0.22768567192343978 
 0.527450123780399 0.472549876219601 
 0.3002503313208658 0.6997496686791342 
 0.6466958598726116 0.3533041401273886 

8
 0.5357977048847364 0.46420229511526356 
 0.8135248402978394 0.18647515970216055 
 0.238973897389739 0.761026102610261 
 0.026877493375265717 0.9731225066247342 

4
 0.9998615725359912 1.3842746400885932E-4 
 1.0778184953653795E-5 0.9999892218150462 

8
 0.8661477121701159 0.1338522878298842 
 0.5584481878509444 0.44155181214905564 
 0.5272204512782049 0.47277954872179506 
 0.8910928923782393 0.10890710762176056 

8
 0.869271778584392 0.130728221415608 
 0.3089125733704047 0.6910874266295953 
 0.5 0.5 
 0.5 0.5 

8
 6.271951831409932E-5 0.999937280481686 
 1.0508617065994112E-4 0.9998949138293399 
 0.9999804733265641 1.9526673435913448E-5 
 4.285224545766197E-5 0.9999571477545423 

8
 0.016880376562246387 0.9831196234377537 
 0.3747611247611247 0.6252388752388752 
 0.339952114924182 0.660047885075818 
 0.7879677182685253 0.21203228173147468 

8
 0.6312 0.3688 
 0.2154602474995762 0.7845397525004238 
 0.9182046453232893 0.0817953546767106 
 0.29822763361073534 0.7017723663892647 

8
 3.058758755696937E-5 0.999969412412443 
 5.399276496949411E-5 0.9999460072350305 
 0.9999082316233825 9.176837661741754E-5 
 2.6387312979919254E-5 0.9999736126870201 

8
 2.040066914194784E-5 0.999979599330858 
 4.847074790364017E-5 0.9999515292520964 
 0.5 0.5 
 3.294133148861875E-5 0.9999670586685114 

8
 0.9284875987794383 0.07151240122056177 
 0.6717419080068143 0.3282580919931857 
 0.2961273209549072 0.7038726790450929 
 0.8913353050717494 0.10866469492825062 

8
 0.5 0.5 
 0.5 0.5 
 0.9999815674998156 1.843250018432501E-5 
 0.9999781430319986 2.1856968001398855E-5 

8
 0.5 0.5 
 0.5 0.5 
 3.9292730844793676E-5 0.9999607072691552 
 1.3413096547468955E-5 0.9999865869034524 

8
 0.8013674581908897 0.1986325418091102 
 0.0028832487309644666 0.9971167512690354 
 0.696037771964525 0.303962228035475 
 0.3710455764075066 0.6289544235924932 

8
 0.9999819988479263 1.8001152073732715E-5 
 0.9988505747126437 0.0011494252873563214 
 0.9999751928753938 2.4807124606186875E-5 
 3.0534351145038163E-4 0.9996946564885497 

8
 0.7905563347358578 0.20944366526414213 
 0.507306654676259 0.49269334532374104 
 0.0677009180617605 0.9322990819382395 
 0.7458944205563902 0.25410557944360973 

8
 0.999956409921102 4.359007889804284E-5 
 0.9999724449588051 2.7555041194786565E-5 
 4.702341766199569E-5 0.9999529765823381 
 0.9999487442337264 5.125576627370582E-5 

8
 0.8514632405424696 0.14853675945753034 
 0.7743032885467853 0.22569671145321468 
 0.5 0.5 
 0.10090517620177519 0.8990948237982248 

8
 0.9999539764359352 4.602356406480119E-5 
 5.4124269322364193E-5 0.9999458757306777 
 4.357298474945537E-5 0.9999564270152507 
 2.713409670592068E-5 0.9999728659032942 

4
 1.75762369276738E-5 0.9999824237630723 
 0.9999768029877752 2.3197012224825456E-5 

8
 0.1643123331822531 0.8356876668177469 
 0.3189620297058314 0.6810379702941687 
 0.4062992125984252 0.5937007874015748 
 0.267221801665405 0.7327781983345951 

8
 0.4513245832997826 0.5486754167002174 
 0.7673928320449754 0.23260716795502462 
 0.42944613973154633 0.5705538602684537 
 0.25297511125762323 0.7470248887423767 

8
 2.9009892373299298E-5 0.9999709901076267 
 0.9999747206633298 2.5279336670205752E-5 
 8.486803021301875E-5 0.999915131969787 
 7.044237813468585E-5 0.9999295576218654 

8
 0.10459855493281113 0.8954014450671889 
 0.2579003181336161 0.7420996818663839 
 0.8769126051135155 0.12308739488648451 
 0.9458103361766182 0.05418966382338182 

8
 0.0648968275388277 0.9351031724611722 
 0.7985559745930924 0.20144402540690753 
 0.6490715626955978 0.3509284373044023 
 0.1026599722251896 0.8973400277748104 

8
 0.20976655012969436 0.7902334498703056 
 0.5576841851203765 0.44231581487962346 
 0.025171183334940686 0.9748288166650593 
 0.4896785519704583 0.5103214480295417 

8
 6.239470892868279E-5 0.9999376052910712 
 0.9999596855472687 4.031445273130421E-5 
 0.9999230591675002 7.69408324998077E-5 
 2.165486476536955E-5 0.9999783451352346 

8
 0.9120647666688606 0.08793523333113935 
 0.7244460170728471 0.27555398292715294 
 0.7524588221353241 0.24754117786467594 
 0.8613678874461221 0.13863211255387786 

8
 0.8216607733546253 0.1783392266453747 
 0.5235635381069698 0.47643646189303024 
 0.27881703189025475 0.7211829681097452 
 0.2597864768683274 0.7402135231316725 

8
 2.165486476536955E-5 0.9999783451352346 
 7.69408324998077E-5 0.9999230591675002 
 0.9999596855472687 4.031445273130421E-5 
 0.9999376052910712 6.239470892868279E-5 

8
 2.5183842046942684E-5 0.999974816157953 
 2.712452871131365E-5 0.9999728754712888 
 0.9998522458628841 1.4775413711583919E-4 
 6.000600060006E-5 0.9999399939994 

8
 8.272667107875586E-5 0.9999172733289212 
 0.9999760473304751 2.3952669525018577E-5 
 8.814455707360063E-5 0.9999118554429265 
 0.9999712858209384 2.87141790616206E-5 

8
 0.26672523313961344 0.7332747668603865 
 0.2688222139396198 0.7311777860603803 
 0.7687471363844627 0.23125286361553735 
 0.6736304170073589 0.3263695829926411 

8
 0.6556675062972293 0.34433249370277075 
 0.8946428571428572 0.10535714285714286 
 0.8401219408925396 0.15987805910746045 
 0.16248204538925598 0.8375179546107441 

8
 0.25997306850698537 0.7400269314930146 
 0.3778479219780665 0.6221520780219336 
 0.45099553724682456 0.5490044627531754 
 0.7322534540257266 0.26774654597427344 

8
 0.999963208241354 3.67917586460633E-5 
 3.4228991956186874E-5 0.9999657710080437 
 0.9999530406198639 4.6959380136182246E-5 
 4.4806882337127004E-5 0.9999551931176629 

8
 0.03562553428361266 0.9643744657163873 
 0.20233883647798742 0.7976611635220126 
 0.4142472737572582 0.5857527262427418 
 0.592143906020558 0.407856093979442 

8
 0.999971486413276 2.851358672407404E-5 
 0.9999328949134344 6.710508656556173E-5 
 3.4068067999863695E-5 0.9999659319320001 
 0.9999516487767139 4.835122328594916E-5 

8
 0.5610936731838294 0.43890632681617064 
 0.1965639654643468 0.8034360345356532 
 0.03868767638758231 0.9613123236124177 
 0.5248732355762642 0.47512676442373575 

8
 0.9998522458628841 1.4775413711583919E-4 
 0.9999854935809096 1.450641909044752E-5 
 0.5 0.5 
 4.114718347529111E-5 0.9999588528165247 

8
 0.9999854935809096 1.450641909044752E-5 
 0.9998028391167192 1.9716088328075712E-4 
 4.114718347529111E-5 0.9999588528165247 
 0.9994110718492344 5.889281507656063E-4 

8
 1.8304960644334624E-4 0.9998169503935566 
 4.8690232739312506E-5 0.9999513097672608 
 0.9999787496281185 2.1250371881507916E-5 
 0.9999628928717206 3.7107128279342426E-5 

8
 3.712365890782193E-5 0.9999628763410923 
 1.2685525815045033E-4 0.9998731447418494 
 2.456700651025672E-5 0.9999754329934897 
 0.9999591553322713 4.0844667728627996E-5 

8
 0.9999712792233902 2.872077660979952E-5 
 8.5535882302626E-5 0.9999144641176974 
 2.3735491680710173E-5 0.9999762645083192 
 8.796622097114709E-5 0.9999120337790288 

8
 0.848892490545651 0.151107509454349 
 0.3240626872260587 0.6759373127739413 
 0.7042579578338157 0.2957420421661844 
 0.31841337224728045 0.6815866277527196 

8
 4.1567942802510734E-5 0.9999584320571974 
 0.9999314599040438 6.854009595613429E-5 
 0.9999719361266242 2.806387337580335E-5 
 3.8868159203980085E-5 0.999961131840796 

8
 0.8590401983353994 0.14095980166460068 
 0.6452496313461134 0.35475036865388665 
 0.7533362474608521 0.2466637525391479 
 0.8975179151479086 0.10248208485209155 

8
 0.6757750275701506 0.3242249724298492 
 0.5 0.5 
 0.052762372336879124 0.9472376276631209 
 0.07975653268968413 0.9202434673103159 

8
 0.5 0.5 
 0.5 0.5 
 0.5623306596560882 0.4376693403439118 
 0.5419675737720598 0.4580324262279401 

8
 0.9999804664609133 1.953353908661172E-5 
 0.9999507146377526 4.928536224741253E-5 
 0.9999277769752997 7.222302470027445E-5 
 6.812917291184082E-5 0.9999318708270881 

8
 0.999968330377502 3.16696224980998E-5 
 1.8603958922458695E-5 0.9999813960410776 
 0.9999030632027918 9.69367972082203E-5 
 0.9997708524289644 2.29147571035747E-4 

8
 0.9999650557361011 3.494426389908095E-5 
 3.9266501747359304E-5 0.9999607334982527 
 3.836415253587051E-5 0.9999616358474641 
 0.9999496424614764 5.0357538523516964E-5 

8
 0.4902316753656675 0.5097683246343325 
 0.5 0.5 
 0.22609691253808384 0.773903087461916 
 0.5 0.5 

8
 0.5 0.5 
 0.3419269215564466 0.6580730784435536 
 0.5 0.5 
 0.8099241368632916 0.19007586313670846 

8
 0.9226904943278911 0.07730950567210888 
 0.09619630353876239 0.9038036964612376 
 0.7943323154837268 0.20566768451627315 
 0.4366552119129439 0.5633447880870561 

8
 0.5 0.5 
 0.4727077583563324 0.5272922416436676 
 0.5 0.5 
 0.21766757236687279 0.7823324276331272 

8
 0.2888054287055611 0.711194571294439 
 0.5 0.5 
 0.5185509252608622 0.48144907473913784 
 0.5 0.5 

8
 0.999963749728123 3.6250271877039044E-5 
 5.293806246691372E-5 0.999947061937533 
 3.1369596586987884E-5 0.9999686304034131 
 4.6180844185831673E-5 0.9999538191558142 

8
 0.99986506544326 1.3493455673998115E-4 
 4.956138177132376E-5 0.9999504386182286 
 3.8839476443857496E-5 0.9999611605235561 
 0.99997857433634 2.142566365993186E-5 

8
 4.533297066956797E-5 0.9999546670293304 
 2.5349827621172187E-5 0.9999746501723789 
 0.9999237979120628 7.620208793720948E-5 
 0.9999605957916304 3.940420836945385E-5 

8
 1.5446400988569654E-5 0.9999845535990114 
 0.5 0.5 
 0.5 0.5 
 0.9999716424682396 2.8357531760435584E-5 

8
 0.5 0.5 
 0.5 0.5 
 0.2626497936943518 0.7373502063056483 
 0.48576523272071487 0.5142347672792851 

8
 0.4816174276335422 0.5183825723664578 
 0.4364172502764467 0.5635827497235533 
 0.20116421716017605 0.7988357828398239 
 0.976460331299041 0.02353966870095903 

4
 0.5140949661865005 0.4859050338134995 
 0.9238247479855153 0.0761752520144847 

4
 0.8325960200715949 0.16740397992840506 
 0.7323842033691339 0.2676157966308661 

4
 0.6133807060714107 0.38661929392858935 
 0.7804147012578616 0.21958529874213836 

4
 0.9999845535990114 1.5446400988569654E-5 
 2.8357531760435584E-5 0.9999716424682396 

4
 5.123213279368818E-5 0.9999487678672063 
 0.9999875753245946 1.2424675405355028E-5 

4
 0.2767844940050941 0.7232155059949059 
 0.4997694554024284 0.5002305445975715 

4
 0.6052072927072927 0.39479270729270727 
 0.8578090978638262 0.14219090213617372 

4
 0.6177390498500509 0.3822609501499492 
 0.9572408229124648 0.042759177087535294 

4
 1.5446400988569654E-5 0.9999845535990114 
 0.9999716424682396 2.8357531760435584E-5 

4
 2.8357531760435584E-5 0.9999716424682396 
 0.9999845535990114 1.5446400988569654E-5 

8
 0.5 0.5 
 0.07186309000293169 0.9281369099970682 
 0.5 0.5 
 0.6231778425655977 0.3768221574344023 

8
 0.917180013689254 0.08281998631074608 
 0.6839080459770115 0.3160919540229885 
 0.6651092690278824 0.3348907309721175 
 0.5774229244943127 0.42257707550568735 

8
 0.9998856620169221 1.1433798307797856E-4 
 0.5 0.5 
 1.4286938880475456E-5 0.9999857130611195 
 0.9999529765823381 4.702341766199569E-5 

8
 1.9807471378203857E-5 0.9999801925286218 
 2.8458408036654447E-5 0.9999715415919633 
 0.9998856620169221 1.1433798307797856E-4 
 1.7739932588256167E-4 0.9998226006741173 

8
 2.360271903323265E-5 0.9999763972809668 
 0.9996272828922849 3.727171077152441E-4 
 0.999981605135846 1.8394864153928215E-5 
 0.0016835016835016836 0.9983164983164984 

8
 0.5180170098478066 0.48198299015219337 
 0.010131795716639209 0.9898682042833608 
 0.1107911802853437 0.8892088197146564 
 0.9985053742924378 0.0014946257075621695 

4
 2.3197012224825456E-5 0.9999768029877752 
 0.9999824237630723 1.75762369276738E-5 

8
 0.35605689063266305 0.6439431093673369 
 0.6372247409326426 0.3627752590673576 
 0.7887359707480575 0.21126402925194251 
 0.9328186148105452 0.06718138518945484 

8
 0.9998258446534307 1.7415534656913976E-4 
 1.9548431238393102E-5 0.9999804515687617 
 2.901746851604666E-5 0.9999709825314839 
 0.9998843796970748 1.1562030292519371E-4 

8
 4.6509464676061584E-5 0.999953490535324 
 3.067202404686687E-5 0.9999693279759532 
 0.9999467234949386 5.327650506126795E-5 
 0.9999631458686518 3.685413134812413E-5 

8
 8.89838049474996E-5 0.9999110161950525 
 0.9999781697520083 2.1830247991617163E-5 
 0.9998794599807135 1.2054001928640308E-4 
 2.8846708590549837E-5 0.9999711532914095 

8
 8.191349934469209E-5 0.9999180865006553 
 2.353716518382528E-5 0.9999764628348161 
 4.336889582791224E-5 0.9999566311041721 
 0.9999550682961899 4.4931703810208526E-5 

8
 0.9999550682961899 4.4931703810208526E-5 
 0.5 0.5 
 0.9999764628348161 2.353716518382528E-5 
 0.9999716424682396 2.8357531760435584E-5 

8
 8.797395970792654E-5 0.9999120260402921 
 0.9999565896857092 4.341031429067544E-5 
 0.9999551126672053 4.4887332794685316E-5 
 2.3080296351005157E-5 0.9999769197036491 

8
 4.4931703810208526E-5 0.9999550682961899 
 4.336889582791224E-5 0.9999566311041721 
 0.9999764628348161 2.353716518382528E-5 
 0.9999180865006553 8.191349934469209E-5 

8
 0.39893319568116314 0.6010668043188369 
 0.14088475626937166 0.8591152437306284 
 0.22378616294530282 0.7762138370546973 
 0.9616053088955601 0.03839469110443989 

8
 0.35670103092783506 0.6432989690721649 
 0.2884725605387592 0.7115274394612409 
 0.5304160125588697 0.4695839874411303 
 0.40182785431728285 0.5981721456827173 

8
 0.9998066511987626 1.9334880123743245E-4 
 2.1349729925916424E-5 0.999978650270074 
 0.5 0.5 
 0.9999791644963018 2.0835503698301926E-5 

8
 5.188067444876787E-5 0.9999481193255512 
 0.9999704945119793 2.9505488020771892E-5 
 5.999880002399958E-5 0.999940001199976 
 3.314111486710414E-5 0.999966858885133 

8
 0.5 0.5 
 0.5 0.5 
 0.9999791644963018 2.0835503698301926E-5 
 1.9227441404372306E-5 0.9999807725585956 

8
 2.0835503698301926E-5 0.9999791644963018 
 0.5 0.5 
 0.9999355129941316 6.44870058683176E-5 
 0.9999726057418366 2.7394258163488924E-5 

8
 0.9999727342131094 2.7265786890609673E-5 
 0.9998917045700672 1.0829542993285686E-4 
 0.9999716561321959 2.8343867804200566E-5 
 5.314343412871336E-5 0.9999468565658713 

8
 0.8549924193199048 0.14500758068009528 
 0.014648043916336602 0.9853519560836633 
 0.3564330127012808 0.6435669872987193 
 0.5 0.5 

8
 2.087987806151214E-5 0.9999791201219383 
 0.9999615369821916 3.8463017808377244E-5 
 4.707433036765056E-5 0.9999529256696322 
 2.0521239482864772E-4 0.9997947876051714 

8
 3.8293635597763664E-5 0.9999617063644022 
 0.9999644039440431 3.559605595699998E-5 
 0.9999451513821851 5.4848617814831074E-5 
 0.9999637273749502 3.627262504987486E-5 

8
 0.6571475734565863 0.34285242654341364 
 0.1718084778182267 0.8281915221817734 
 0.6643327841845139 0.3356672158154859 
 0.8048114320674737 0.19518856793252634 

8
 0.39494324703481704 0.605056752965183 
 0.318691169878978 0.681308830121022 
 0.7094676839948936 0.29053231600510643 
 0.14947700578507567 0.8505229942149243 

4
 0.4053156146179402 0.5946843853820598 
 0.4988359560250054 0.5011640439749946 

8
 0.16202185792349727 0.8379781420765027 
 0.664358632933866 0.33564136706613407 
 0.2342663043478261 0.7657336956521739 
 0.9710754932992121 0.028924506700787923 

8
 0.1654100126445933 0.8345899873554068 
 0.7408647272384365 0.25913527276156345 
 0.35145750230131945 0.6485424976986804 
 0.2528538236185473 0.7471461763814526 

8
 0.9999843537308529 1.564626914712186E-5 
 3.515803536898355E-5 0.9999648419646309 
 0.001538461538461538 0.9984615384615384 
 1.4281633818908886E-4 0.999857183661811 

8
 0.9999109686609687 8.903133903133902E-5 
 0.9999780624780625 2.193752193752195E-5 
 1.3071895424836603E-4 0.9998692810457516 
 0.9999718642732542 2.813572674582186E-5 

8
 0.13106585788561526 0.8689341421143848 
 0.5050998016256166 0.49490019837438337 
 0.46750524109014674 0.5324947589098532 
 0.645327345910572 0.354672654089428 

8
 0.6213940648723257 0.37860593512767426 
 0.8809883470004315 0.11901165299956842 
 0.5340897240703276 0.4659102759296723 
 0.6555643074153258 0.3444356925846742 

8
 0.9999171911228883 8.28088771116264E-5 
 0.9998867497168743 1.1325028312570782E-4 
 2.203031371166727E-5 0.9999779696862884 
 2.9664787896766523E-5 0.9999703352121031 

8
 0.9999075614716213 9.24385283786282E-5 
 1.789324887719862E-5 0.9999821067511228 
 0.9999008723235528 9.912767644726412E-5 
 4.3075597673917705E-5 0.9999569244023261 

8
 2.210188971157034E-5 0.9999778981102885 
 0.9999181870244621 8.181297553792031E-5 
 0.9997668997668998 2.33100233100233E-4 
 2.614379084967318E-5 0.9999738562091502 

8
 1.1325028312570782E-4 0.9998867497168743 
 0.9999171911228883 8.28088771116264E-5 
 2.9664787896766523E-5 0.9999703352121031 
 0.9999779696862884 2.203031371166727E-5 

4
 0.10425828202873058 0.8957417179712694 
 0.060220584190549535 0.9397794158094503 

8
 0.8447793849519873 0.15522061504801263 
 0.5762639630344085 0.4237360369655915 
 0.517460773057788 0.48253922694221196 
 0.9498018494055483 0.05019815059445178 

8
 0.999810138598823 1.8986140117714062E-4 
 5.104645227156712E-4 0.9994895354772843 
 0.9999843740233766 1.562597662353898E-5 
 3.473910928923786E-5 0.9999652608907107 

8
 3.244646333549644E-5 0.9999675535366646 
 0.9999796925451333 2.0307454866681546E-5 
 1.5082956259426846E-4 0.9998491704374057 
 0.9999248967330079 7.510326699211421E-5 

8
 0.5 0.5 
 0.8268117378287312 0.17318826217126881 
 0.32811334824757643 0.6718866517524236 
 0.12945791726105563 0.8705420827389443 

8
 0.0010638297872340424 0.9989361702127659 
 0.9999854752498258 1.4524750174297014E-5 
 3.120124804992198E-4 0.9996879875195007 
 0.9999629835276698 3.7016472330186965E-5 

8
 0.4198717948717949 0.5801282051282051 
 0.7929572520320813 0.20704274796791877 
 0.13773083379966425 0.8622691662003358 
 0.8539212143115287 0.14607878568847127 

8
 0.8732421406287496 0.1267578593712503 
 0.3917367399741267 0.6082632600258732 
 0.3223240286952198 0.6776759713047802 
 0.30747313578638885 0.6925268642136111 

8
 0.631814992984566 0.36818500701543394 
 0.41649181703734783 0.5835081829626521 
 0.10561307901907357 0.8943869209809265 
 0.6678571428571429 0.3321428571428572 

8
 0.9449850785000649 0.05501492149993513 
 0.9720856463124504 0.02791435368754957 
 0.5 0.5 
 0.3635718771077052 0.6364281228922948 

8
 0.5 0.5 
 1.75762369276738E-5 0.9999824237630723 
 0.9999286224125625 7.137758743754464E-5 
 3.436308030651866E-5 0.9999656369196934 

4
 0.9999824237630723 1.75762369276738E-5 
 2.3197012224825456E-5 0.9999768029877752 

4
 0.5841361643275865 0.4158638356724136 
 0.16332646048109967 0.8366735395189003 

8
 0.03655578655578655 0.9634442134442134 
 0.6951884057971015 0.30481159420289855 
 0.1670484384602492 0.8329515615397509 
 0.12230548311491102 0.877694516885089 

8
 0.1179091179091179 0.8820908820908822 
 0.6697990726429677 0.33020092735703244 
 0.788718149489413 0.21128185051058693 
 0.5193553303360511 0.48064466966394875 

8
 7.813720893889666E-5 0.9999218627910612 
 3.5735982560840534E-5 0.9999642640174392 
 0.9999646142958245 3.538570417551311E-5 
 0.9999677075596602 3.229244033971649E-5 

8
 0.328267359361067 0.671732640638933 
 0.517122667149846 0.482877332850154 
 0.7136622286061545 0.28633777139384564 
 0.11152828214439588 0.8884717178556042 

8
 0.9999786288254402 2.1371174559753817E-5 
 8.860535176324652E-5 0.9999113946482368 
 3.050826774055766E-5 0.9999694917322595 
 1.0926573426573428E-4 0.9998907342657343 

8
 0.660654505704721 0.33934549429527905 
 0.6142623443394651 0.38573765566053486 
 0.5271642322764517 0.4728357677235483 
 0.46390177353342427 0.5360982264665757 

8
 0.9999736196480862 2.6380351913894528E-5 
 4.329941545789128E-5 0.9999567005845421 
 3.836856846871043E-5 0.9999616314315313 
 7.726184037703772E-5 0.9999227381596228 

8
 0.09767656157440927 0.9023234384255907 
 0.9517103889117432 0.048289611088256704 
 0.31871671397136203 0.681283286028638 
 0.8898293452898385 0.1101706547101615 

8
 0.9998366546880104 1.6334531198954595E-4 
 4.815795810257645E-5 0.9999518420418975 
 3.156565656565656E-5 0.9999684343434344 
 2.413069182693469E-5 0.999975869308173 

8
 0.18157733849602609 0.8184226615039738 
 0.34346754313886607 0.6565324568611339 
 0.2935236494471729 0.7064763505528271 
 0.26040609137055837 0.7395939086294416 

8
 0.7959201502642728 0.2040798497357271 
 0.5907994084221997 0.4092005915778003 
 0.2387895157511782 0.7612104842488218 
 0.8362694300518134 0.16373056994818652 

8
 6.774149844194556E-5 0.999932258501558 
 5.060728744939268E-5 0.9999493927125506 
 0.9999640002879977 3.5999712002304E-5 
 0.9999734804285563 2.6519571443725474E-5 

8
 0.3205162202775568 0.6794837797224432 
 0.6408504176157934 0.3591495823842065 
 0.20642218441154112 0.793577815588459 
 0.1599281017496758 0.8400718982503242 

8
 8.058667096462244E-5 0.9999194133290354 
 0.9999329758713137 6.702412868632703E-5 
 0.9999701501447719 2.9849855228202142E-5 
 2.5524529072438605E-5 0.9999744754709274 

8
 0.8744290341333776 0.1255709658666224 
 0.23364946421973148 0.7663505357802685 
 0.4363405845455759 0.5636594154544241 
 0.024738367219867323 0.9752616327801327 

8
 0.9999180260677104 8.197393228953193E-5 
 0.9999384046812442 6.159531875577459E-5 
 5.787371954395514E-5 0.999942126280456 
 1.8417902200939303E-5 0.9999815820977991 

8
 0.9999768657752279 2.3134224772127908E-5 
 1.924927815206929E-4 0.9998075072184793 
 0.9999736585622843 2.6341437715670496E-5 
 0.9999266001174397 7.339988256018797E-5 

8
 0.27443473235570326 0.7255652676442967 
 0.8702697361920758 0.12973026380792413 
 0.9321940463065049 0.06780595369349504 
 0.5276381909547739 0.4723618090452262 

8
 0.546068012752391 0.45393198724760897 
 0.30868830925126667 0.6913116907487333 
 0.0786086877292089 0.9213913122707912 
 0.8230876112508919 0.17691238874910814 

8
 0.9999658119658119 3.418803418803416E-5 
 0.999961307796479 3.86922035209905E-5 
 4.348582362149936E-5 0.9999565141763784 
 0.999954373317516 4.562668248391658E-5 

8
 3.0232487831423634E-5 0.9999697675121685 
 0.9999772380670567 2.276193294334555E-5 
 6.059871530723548E-5 0.9999394012846927 
 0.9998460591133005 1.5394088669950742E-4 

8
 0.9999280523778689 7.194762213108852E-5 
 6.38814360546825E-5 0.9999361185639453 
 2.926972047416945E-5 0.9999707302795258 
 2.7555800496004437E-5 0.9999724441995039 

8
 0.5330012453300125 0.4669987546699875 
 0.06342302245599837 0.9365769775440016 
 0.01108915239350022 0.9889108476064997 
 0.3353520575676641 0.6646479424323358 

8
 0.28052805280528054 0.7194719471947195 
 0.5266643335935608 0.4733356664064393 
 0.5399478096718672 0.4600521903281328 
 0.9862074163400663 0.01379258365993367 

8
 1.857182653914012E-5 0.9999814281734608 
 8.753501400560228E-5 0.9999124649859944 
 0.9999661601976245 3.383980237555416E-5 
 1.9275250578257508E-4 0.9998072474942173 

8
 0.13420509291121818 0.8657949070887818 
 0.4254060389574148 0.5745939610425853 
 0.35221055744492086 0.6477894425550791 
 0.6783837878408806 0.3216162121591193 

8
 0.9999673788941447 3.262110585548852E-5 
 3.979782703864369E-5 0.9999602021729614 
 0.9999590834697218 4.0916530278232416E-5 
 5.054078641463659E-5 0.9999494592135854 

8
 0.2512465819527103 0.7487534180472897 
 0.14919315875930042 0.8508068412406996 
 0.9762055436020757 0.023794456397924314 
 0.6408801696712619 0.359119830328738 

8
 0.1519224757736793 0.8480775242263208 
 0.5293893790001729 0.470610620999827 
 0.3692201518288475 0.6307798481711525 
 0.15055213148433488 0.8494478685156651 

8
 0.9998729836148862 1.2701638511367967E-4 
 0.9999696703163387 3.0329683661399438E-5 
 2.1630507668014954E-5 0.999978369492332 
 7.732158045310446E-5 0.9999226784195469 

8
 0.45057778047374963 0.5494222195262504 
 0.10034294423980694 0.8996570557601931 
 0.2737957163844429 0.7262042836155571 
 0.9949600917133524 0.005039908286647489 

8
 0.5260690601417792 0.47393093985822093 
 0.7661876884867838 0.23381231151321624 
 0.5 0.5 
 0.8800205552246475 0.11997944477535241 

8
 4.35179946908046E-5 0.9999564820053092 
 1.631534294850877E-5 0.9999836846570515 
 0.9998578131665008 1.4218683349921798E-4 
 1.14889705882353E-4 0.9998851102941176 

8
 0.9995289684408855 4.710315591144607E-4 
 2.035830618892509E-4 0.9997964169381108 
 2.3294819232202744E-5 0.9999767051807678 
 1.998201618543312E-5 0.9999800179838146 

8
 0.2 0.8 
 4.716981132075474E-4 0.9995283018867925 
 1.753124945214845E-5 0.9999824687505479 
 0.9999755154008129 2.448459918711131E-5 

4
 1.75762369276738E-5 0.9999824237630723 
 0.9999768029877752 2.3197012224825456E-5 

8
 0.23551855705861952 0.7644814429413807 
 0.7331553595264348 0.2668446404735651 
 0.18739115290839425 0.8126088470916056 
 0.4759652037923957 0.5240347962076044 

8
 2.1674577887595645E-5 0.9999783254221124 
 0.9998482549317146 1.517450682852808E-4 
 2.5324149108589964E-5 0.9999746758508914 
 0.9998716797125625 1.2832028743744385E-4 

8
 3.226535024037683E-5 0.9999677346497596 
 0.9999628045378463 3.7195462153617234E-5 
 1.0163634515702819E-4 0.999898363654843 
 3.096838128271035E-5 0.9999690316187173 

8
 0.5 0.5 
 0.5 0.5 
 0.7343243931729684 0.26567560682703145 
 0.9768680903964837 0.023131909603516403 

8
 0.007751413194326916 0.9922485868056731 
 0.6564607253508292 0.3435392746491708 
 0.8505472455308282 0.14945275446917183 
 0.0042331167552667835 0.9957668832447333 

8
 0.8145204596713564 0.1854795403286435 
 0.7732811698306823 0.22671883016931763 
 0.1180587652690657 0.8819412347309342 
 0.8413812464907355 0.15861875350926447 

8
 0.9999282536949348 7.174630506528914E-5 
 7.085665698292359E-5 0.9999291433430171 
 2.8833400611268107E-5 0.9999711665993887 
 2.682763246143526E-5 0.9999731723675385 

8
 0.40244904054356756 0.5975509594564324 
 0.0994247852046017 0.9005752147953983 
 0.0033364928909952593 0.9966635071090048 
 0.4024975488931317 0.5975024511068683 

8
 0.5 0.5 
 4.673552367154276E-5 0.9999532644763286 
 0.5 0.5 
 1.2721513351228275E-5 0.9999872784866488 

8
 0.6352746640004615 0.36472533599953855 
 0.8627982081466821 0.13720179185331804 
 0.5 0.5 
 0.5 0.5 

8
 4.65549348230912E-5 0.999953445065177 
 0.9999811221022427 1.887789775730574E-5 
 8.793527963418926E-5 0.9999120647203658 
 0.9999294980259448 7.050197405527354E-5 

8
 0.8153348445168247 0.18466515548317525 
 0.26992678546760607 0.7300732145323939 
 0.2864816472694718 0.7135183527305282 
 0.0013064210595074798 0.9986935789404925 

8
 0.9999522171253823 4.7782874617737024E-5 
 4.412673197423004E-5 0.9999558732680258 
 2.6441735635527123E-5 0.9999735582643645 
 5.376633152320014E-5 0.9999462336684767 

8
 9.517464547444552E-5 0.9999048253545256 
 0.9999040583325339 9.594166746618049E-5 
 2.4702947061584424E-5 0.9999752970529384 
 0.9999740912506153 2.590874938466718E-5 

8
 0.999938676641933 6.132335806708779E-5 
 0.9999694311130132 3.0568886986824845E-5 
 5.526083112290007E-5 0.9999447391688772 
 3.040252949045362E-5 0.9999695974705096 

8
 0.15208497246262787 0.8479150275373721 
 0.547107438016529 0.452892561983471 
 0.19060247167868177 0.8093975283213182 
 0.517945340796839 0.48205465920316104 

8
 0.1253419893345699 0.87465801066543 
 0.866992539233342 0.1330074607666581 
 0.5848156259459074 0.4151843740540926 
 0.833795465666286 0.1662045343337139 

8
 3.565189489821387E-5 0.9999643481051018 
 0.999978738784709 2.1261215291066023E-5 
 0.9995704467353952 4.295532646048112E-4 
 0.9999557463380094 4.425366199052975E-5 

8
 0.9999583402766207 4.165972337943675E-5 
 3.78429517502365E-5 0.9999621570482496 
 0.9999135621056271 8.643789437289305E-5 
 2.6308866087871593E-5 0.9999736911339122 

