BAYES
400
2 2 2 2 2 2 2 2 2 2 2 2 2 2 2 2 2 2 2 2 2 2 2 2 2 2 2 2 2 2 2 2 2 2 2 2 2 2 2 2 2 2 2 2 2 2 2 2 2 2 2 2 2 2 2 2 2 2 2 2 2 2 2 2 2 2 2 2 2 2 2 2 2 2 2 2 2 2 2 2 2 2 2 2 2 2 2 2 2 2 2 2 2 2 2 2 2 2 2 2 2 2 2 2 2 2 2 2 2 2 2 2 2 2 2 2 2 2 2 2 2 2 2 2 2 2 2 2 2 2 2 2 2 2 2 2 2 2 2 2 2 2 2 2 2 2 2 2 2 2 2 2 2 2 2 2 2 2 2 2 2 2 2 2 2 2 2 2 2 2 2 2 2 2 2 2 2 2 2 2 2 2 2 2 2 2 2 2 2 2 2 2 2 2 2 2 2 2 2 2 2 2 2 2 2 2 2 2 2 2 2 2 2 2 2 2 2 2 2 2 2 2 2 2 2 2 2 2 2 2 2 2 2 2 2 2 2 2 2 2 2 2 2 2 2 2 2 2 2 2 2 2 2 2 2 2 2 2 2 2 2 2 2 2 2 2 2 2 2 2 2 2 2 2 2 2 2 2 2 2 2 2 2 2 2 2 2 2 2 2 2 2 2 2 2 2 2 2 2 2 2 2 2 2 2 2 2 2 2 2 2 2 2 2 2 2 2 2 2 2 2 2 2 2 2 2 2 2 2 2 2 2 2 2 2 2 2 2 2 2 2 2 2 2 2 2 2 2 2 2 2 2 2 2 2 2 2 2 2 2 2 2 2 2 2 2 2 2 2 2 2 2 2 2 2 2 2 2 2 2 2 2 2 2 2 2 2 2 2 2 2 2 2 2 2 2 2 2 2 2 
400
3 7 177 0 
3 0 175 1 
3 1 174 2 
3 2 192 3 
3 242 199 4 
3 4 198 5 
3 5 197 6 
3 6 196 7 
3 3 191 8 
3 8 190 9 
3 13 229 10 
3 10 228 11 
3 70 227 12 
3 12 226 13 
3 17 233 14 
3 14 232 15 
3 11 173 16 
3 16 230 17 
3 15 220 18 
3 18 219 19 
3 23 244 20 
3 20 243 21 
3 25 258 22 
3 22 257 23 
3 27 256 24 
3 24 255 25 
3 29 254 26 
3 26 253 27 
3 231 252 28 
3 28 251 29 
3 243 152 30 
2 380 31 
3 31 381 32 
3 32 382 33 
3 33 376 34 
3 34 377 35 
3 35 378 36 
3 36 379 37 
3 37 374 38 
3 38 375 39 
3 49 268 40 
3 40 267 41 
3 218 262 42 
3 42 261 43 
3 43 260 44 
3 44 259 45 
3 45 266 46 
3 46 265 47 
3 47 264 48 
3 48 263 49 
3 55 138 50 
3 50 137 51 
3 58 131 52 
3 52 130 53 
3 53 133 54 
3 54 132 55 
2 134 56 
3 56 136 57 
3 57 135 58 
2 61 59 
2 59 60 
1 61 
2 65 62 
2 62 63 
2 60 64 
2 64 65 
2 63 66 
2 66 67 
3 21 30 68 
3 77 150 69 
3 69 149 70 
2 142 71 
3 71 144 72 
3 72 143 73 
3 73 139 74 
3 74 145 75 
3 75 148 76 
3 76 147 77 
3 81 159 78 
3 78 158 79 
3 83 280 80 
3 80 151 81 
3 85 154 82 
3 82 153 83 
3 86 156 84 
3 84 155 85 
2 157 86 
3 88 11 87 
3 89 10 88 
3 90 13 89 
3 167 12 90 
3 92 15 91 
3 93 14 92 
3 94 17 93 
3 87 16 94 
3 398 9 95 
3 195 348 96 
3 98 19 97 
3 91 18 98 
3 96 347 99 
3 99 350 100 
3 100 349 101 
3 108 168 102 
3 102 167 103 
3 186 146 104 
3 169 160 105 
2 162 106 
3 110 164 107 
3 107 163 108 
3 105 356 109 
3 109 165 110 
3 9 170 111 
3 113 5 112 
3 303 4 113 
3 115 7 114 
3 112 6 115 
3 117 1 116 
3 114 0 117 
3 119 3 118 
3 116 2 119 
3 121 285 120 
3 126 284 121 
3 123 287 122 
3 120 286 123 
3 125 289 124 
3 137 288 125 
3 127 291 126 
3 124 290 127 
3 129 293 128 
3 122 292 129 
3 131 65 130 
3 135 64 131 
3 133 63 132 
3 130 62 133 
2 61 134 
3 136 60 135 
3 134 59 136 
3 138 67 137 
3 132 66 138 
3 143 82 139 
2 293 140 
3 97 385 141 
2 86 142 
3 144 85 143 
3 142 84 144 
3 139 83 145 
3 41 176 146 
3 148 81 147 
3 145 80 148 
3 150 79 149 
3 147 78 150 
3 280 55 151 
3 271 141 152 
3 154 53 153 
3 155 52 154 
3 156 58 155 
3 157 57 156 
2 56 157 
3 159 51 158 
3 151 50 159 
3 294 73 160 
3 171 329 161 
2 71 162 
3 164 77 163 
3 165 76 164 
3 356 75 165 
3 161 328 166 
3 168 70 167 
3 163 69 168 
3 106 294 169 
3 190 399 170 
3 224 333 171 
3 222 327 172 
3 228 394 173 
3 175 370 174 
3 177 373 175 
3 267 68 176 
3 196 372 177 
3 179 47 178 
3 184 46 179 
3 181 49 180 
3 178 48 181 
3 183 43 182 
3 351 42 183 
3 185 45 184 
3 182 44 185 
3 187 41 186 
3 180 40 187 
3 101 352 188 
3 188 351 189 
3 191 365 190 
3 192 364 191 
3 174 371 192 
2 344 193 
3 193 346 194 
3 194 345 195 
3 197 367 196 
3 198 366 197 
3 199 369 198 
3 335 368 199 
3 201 306 200 
3 202 305 201 
3 203 308 202 
3 204 307 203 
3 205 310 204 
3 206 309 205 
3 207 312 206 
3 208 311 207 
3 209 314 208 
3 158 313 209 
3 212 320 210 
3 210 319 211 
2 321 212 
3 216 323 213 
3 213 322 214 
3 211 325 215 
3 215 324 216 
3 214 318 217 
3 217 317 218 
3 220 389 219 
3 232 388 220 
3 166 331 221 
3 221 330 222 
2 332 223 
3 223 334 224 
3 306 281 225 
3 227 391 226 
3 149 390 227 
3 229 393 228 
3 226 392 229 
3 173 395 230 
3 172 326 231 
3 233 397 232 
3 230 396 233 
3 237 338 234 
3 234 337 235 
3 239 340 236 
3 236 339 237 
3 240 342 238 
3 238 341 239 
2 343 240 
3 235 336 241 
3 241 335 242 
3 244 271 243 
3 257 270 244 
3 248 117 245 
3 245 116 246 
3 250 115 247 
3 247 114 248 
3 375 113 249 
3 249 112 250 
3 252 277 251 
3 326 276 252 
3 254 279 253 
3 251 278 254 
3 256 273 255 
3 253 272 256 
3 258 275 257 
3 255 274 258 
3 260 27 259 
3 261 26 260 
3 262 29 261 
3 317 28 262 
3 264 23 263 
3 265 22 264 
3 266 25 265 
3 259 24 266 
3 268 21 267 
3 263 20 268 
3 389 282 269 
3 275 98 270 
3 270 97 271 
3 279 94 272 
3 272 93 273 
3 273 92 274 
3 274 91 275 
3 103 90 276 
3 276 89 277 
3 277 88 278 
3 278 87 279 
3 153 54 280 
3 128 140 281 
3 200 225 282 
3 363 118 283 
2 291 284 
2 284 285 
2 285 286 
2 286 287 
2 67 288 
2 288 289 
2 289 290 
2 290 291 
2 287 292 
2 292 293 
3 162 72 294 
3 316 387 295 
3 297 237 296 
3 301 236 297 
3 299 235 298 
3 296 234 299 
2 240 300 
3 302 239 301 
3 300 238 302 
3 304 242 303 
3 298 241 304 
3 308 129 305 
3 305 128 306 
3 310 123 307 
3 307 122 308 
3 312 121 309 
3 309 120 310 
3 314 127 311 
3 311 126 312 
3 51 125 313 
3 313 124 314 
3 283 398 315 
3 315 95 316 
3 318 231 317 
3 322 172 318 
3 320 171 319 
3 321 224 320 
2 223 321 
3 323 222 322 
3 324 221 323 
3 325 166 324 
3 319 161 325 
3 327 103 326 
3 330 102 327 
3 329 110 328 
3 333 109 329 
3 331 108 330 
3 328 107 331 
2 106 332 
3 334 105 333 
3 332 169 334 
3 336 189 335 
3 337 188 336 
3 338 101 337 
3 339 100 338 
3 340 99 339 
3 341 96 340 
3 342 195 341 
3 343 194 342 
2 193 343 
2 212 344 
3 346 211 345 
3 344 210 346 
3 348 216 347 
3 345 215 348 
3 350 214 349 
3 347 213 350 
3 352 218 351 
3 349 217 352 
3 383 247 353 
3 353 248 354 
3 39 249 355 
3 160 74 356 
3 360 363 357 
3 357 283 358 
3 354 245 359 
3 359 246 360 
3 358 315 361 
3 361 316 362 
3 246 119 363 
3 371 187 364 
3 364 186 365 
3 369 185 366 
3 366 184 367 
3 189 183 368 
3 368 182 369 
3 373 181 370 
3 370 180 371 
3 367 179 372 
3 372 178 373 
3 379 304 374 
3 374 303 375 
3 382 297 376 
3 376 296 377 
3 377 299 378 
3 378 298 379 
2 300 380 
3 380 302 381 
3 381 301 382 
3 355 250 383 
3 219 269 384 
3 19 384 385 
3 362 295 386 
3 95 111 387 
3 397 201 388 
3 388 200 389 
3 79 209 390 
3 390 208 391 
3 391 207 392 
3 392 206 393 
3 393 205 394 
3 394 204 395 
3 395 203 396 
3 396 202 397 
3 118 8 398 
3 365 104 399 

8
 0.9297903461725987 0.07020965382740126 
 0.7862433862433862 0.21375661375661378 
 0.8684712161646969 0.1315287838353031 
 0.1938262742282843 0.8061737257717156 

8
 1.9872813990461053E-4 0.9998012718600954 
 0.9996448863636365 3.551136363636365E-4 
 7.836990595611285E-4 0.9992163009404389 
 0.9988687782805431 0.0011312217194570135 

8
 0.5 0.5 
 2.704164413196323E-4 0.9997295835586804 
 0.9995602462620933 4.397537379067722E-4 
 0.9997521070897373 2.478929102627665E-4 

8
 0.8420631747301079 0.15793682526989206 
 0.096401365904912 0.903598634095088 
 0.42392344497607654 0.5760765550239234 
 0.5546583850931677 0.44534161490683233 

8
 0.9986013986013986 0.0013986013986013986 
 2.9655990510083055E-4 0.9997034400948992 
 0.998971193415638 0.0010288065843621398 
 0.9997979389775713 2.020610224287736E-4 

8
 0.02276776875866165 0.9772322312413383 
 0.8515476942514214 0.14845230574857865 
 0.6824871228844739 0.3175128771155261 
 0.5503048780487805 0.4496951219512195 

8
 0.6811000585137507 0.3188999414862492 
 0.30101522842639594 0.6989847715736042 
 0.015094339622641511 0.9849056603773586 
 0.7880669080876013 0.21193309191239867 

8
 4.194630872483219E-4 0.9995805369127517 
 0.999746899519109 2.531004808909138E-4 
 6.127450980392155E-4 0.9993872549019608 
 0.9995100440960314 4.899559039686428E-4 

8
 0.06243739565943239 0.9375626043405677 
 0.2593476531424026 0.7406523468575974 
 0.958179581795818 0.04182041820418204 
 0.07717817304793488 0.9228218269520652 

8
 6.045949214026602E-4 0.9993954050785973 
 6.887052341597795E-4 0.9993112947658402 
 0.9997086247086248 2.9137529137529143E-4 
 2.8818443804034594E-4 0.9997118155619598 

8
 0.4263565891472868 0.5736434108527132 
 0.22706422018348627 0.7729357798165137 
 0.2723004694835681 0.727699530516432 
 0.7354898336414047 0.26451016635859514 

8
 0.3625992063492064 0.6374007936507937 
 0.06167258637391025 0.9383274136260897 
 0.9157635467980296 0.08423645320197043 
 0.11727748691099478 0.8827225130890052 

8
 0.0013755158184319124 0.9986244841815681 
 0.9997903124344726 2.0968756552736416E-4 
 0.9994629430719656 5.370569280343715E-4 
 0.999622641509434 3.773584905660377E-4 

8
 0.49575853225488264 0.5042414677451174 
 0.2501187648456057 0.7498812351543944 
 0.5 0.5 
 0.24621733149931227 0.7537826685006878 

8
 0.5 0.5 
 0.5 0.5 
 0.5 0.5 
 0.548890221955609 0.4511097780443911 

8
 0.8819887087962119 0.11801129120378802 
 0.5 0.5 
 0.9574562375360071 0.04254376246399292 
 0.5 0.5 

8
 0.5889830508474576 0.4110169491525424 
 0.1824561403508772 0.8175438596491228 
 0.9956204379562044 0.004379562043795619 
 0.1111111111111111 0.8888888888888888 

8
 0.5 0.5 
 1.6342539630658605E-4 0.9998365746036934 
 0.5 0.5 
 2.5740025740025727E-4 0.9997425997425998 

8
 1.5353907569476435E-4 0.9998464609243052 
 0.9996230682246513 3.7693177534866196E-4 
 0.9983416252072967 0.0016583747927031512 
 0.99581589958159 0.004184100418410043 

8
 0.5 0.5 
 0.9997135491263249 2.864508736751648E-4 
 0.5 0.5 
 1.5353907569476435E-4 0.9998464609243052 

8
 0.9998276456394346 1.7235436056532223E-4 
 0.0010204081632653066 0.9989795918367348 
 0.9993726474278545 6.273525721455459E-4 
 0.9993872549019608 6.127450980392155E-4 

8
 0.4544764795144158 0.5455235204855842 
 0.6182965299684543 0.3817034700315458 
 0.5 0.5 
 0.1520408163265306 0.8479591836734693 

8
 0.7515923566878981 0.24840764331210188 
 0.6916201117318436 0.30837988826815643 
 0.9549518569463549 0.045048143053645115 
 0.022687609075043625 0.9773123909249565 

8
 0.14248704663212436 0.8575129533678756 
 0.9132344033918838 0.08676559660811631 
 0.10759493670886078 0.8924050632911392 
 0.3440934065934066 0.6559065934065933 

8
 0.6048722519310754 0.39512774806892453 
 0.7738623751387348 0.22613762486126524 
 0.7162162162162162 0.28378378378378377 
 0.07509627727856225 0.9249037227214377 

8
 3.3806626098715353E-4 0.9996619337390129 
 0.9996714848883048 3.2851511169513793E-4 
 4.840271055179088E-4 0.9995159728944821 
 5.154639175257732E-4 0.9994845360824742 

8
 3.198976327575176E-4 0.9996801023672424 
 1.6129032258064516E-4 0.9998387096774193 
 0.9980544747081711 0.0019455252918287932 
 0.9940476190476191 0.005952380952380952 

8
 0.4591439688715953 0.5408560311284046 
 0.8164705882352942 0.18352941176470589 
 0.6768372093023256 0.3231627906976744 
 0.7256390787142496 0.27436092128575046 

8
 0.8542175464963366 0.14578245350366334 
 0.05156537753222836 0.9484346224677717 
 0.27728613569321536 0.7227138643067845 
 0.0029282576866764267 0.9970717423133235 

8
 0.04000000000000001 0.96 
 0.9998101025446259 1.898974553740979E-4 
 0.0015220700152207005 0.9984779299847794 
 0.9997536945812807 2.4630541871921175E-4 

8
 0.17754172989377848 0.8224582701062215 
 0.5 0.5 
 0.16611570247933882 0.8338842975206611 
 0.5 0.5 

4
 0.5891224862888482 0.4108775137111518 
 0.7674129353233831 0.2325870646766169 

8
 2.770083102493076E-4 0.9997229916897507 
 0.9996959562176954 3.0404378230465204E-4 
 0.999407231772377 5.927682276229994E-4 
 0.9992967651195499 7.032348804500706E-4 

8
 0.959040959040959 0.04095904095904096 
 0.978498609823911 0.02150139017608897 
 0.13118279569892474 0.8688172043010753 
 0.4617095646647601 0.5382904353352399 

8
 1.522997258604935E-4 0.9998477002741396 
 8.424599831508006E-4 0.9991575400168491 
 0.9994612068965517 5.38793103448276E-4 
 0.0025062656641604 0.9974937343358397 

8
 0.5 0.5 
 5.38793103448276E-4 0.9994612068965517 
 0.9985590778097984 0.0014409221902017294 
 1.341201716738197E-4 0.9998658798283261 

8
 0.004999999999999999 0.9950000000000001 
 0.0020161290322580636 0.9979838709677419 
 0.5 0.5 
 1.074113856068743E-4 0.999892588614393 

8
 0.5 0.5 
 0.5 0.5 
 2.4342745861733215E-4 0.9997565725413827 
 1.6960651289009497E-4 0.9998303934871099 

8
 0.5 0.5 
 0.5 0.5 
 0.9997565725413827 2.4342745861733215E-4 
 1.6960651289009497E-4 0.9998303934871099 

8
 0.600126742712294 0.39987325728770595 
 0.2934439178515008 0.7065560821484993 
 0.3725411481332798 0.6274588518667201 
 0.016375545851528388 0.9836244541484717 

8
 0.9977678571428571 0.002232142857142857 
 0.9997632575757575 2.3674242424242425E-4 
 6.211180124223605E-4 0.9993788819875775 
 2.6838432635534085E-4 0.9997316156736448 

8
 0.9997402597402598 2.597402597402598E-4 
 0.9987834549878345 0.0012165450121654497 
 0.9997680890538033 2.319109461966606E-4 
 9.765624999999997E-4 0.9990234375 

8
 0.47804693414080246 0.5219530658591975 
 0.45971978984238177 0.5402802101576182 
 0.7710344827586207 0.2289655172413793 
 0.5302061122956645 0.46979388770433544 

8
 0.7301029962546817 0.26989700374531833 
 0.6605657237936772 0.33943427620632277 
 0.3029940119760479 0.6970059880239521 
 0.22445561139028475 0.7755443886097153 

8
 0.411522633744856 0.588477366255144 
 0.49623352165725043 0.5037664783427496 
 0.5007181844297616 0.49928181557023843 
 0.6806596701649176 0.3193403298350825 

8
 0.8770262716601452 0.12297372833985466 
 0.3486565231466494 0.6513434768533506 
 0.5261140392908481 0.4738859607091519 
 0.8389746960236609 0.16102530397633918 

8
 0.6280545858457632 0.37194541415423676 
 0.7403051493960584 0.25969485060394154 
 0.21462140992167103 0.7853785900783289 
 0.39031180400890864 0.6096881959910914 

8
 0.15011820330969264 0.8498817966903074 
 0.05378209576682859 0.9462179042331714 
 0.5386395187413234 0.4613604812586765 
 0.5063864853728883 0.49361351462711167 

8
 0.4056122448979592 0.5943877551020408 
 0.9817455790074159 0.01825442099258414 
 0.25603046974185356 0.7439695302581464 
 0.16857506361323157 0.8314249363867684 

8
 0.0902335456475584 0.9097664543524417 
 0.90625 0.09375000000000003 
 0.1539509536784741 0.846049046321526 
 0.39538648320518005 0.6046135167948199 

8
 0.5 0.5 
 0.9991961414790996 8.038585209003213E-4 
 0.5 0.5 
 0.9998858447488584 1.1415525114155256E-4 

8
 1.321003963011889E-4 0.9998678996036988 
 4.1084634346754323E-4 0.9995891536565324 
 0.5 0.5 
 0.5 0.5 

8
 0.9998199819981997 1.8001800180018006E-4 
 6.648936170212767E-4 0.9993351063829787 
 0.9994931576279777 5.068423720223013E-4 
 0.0010245901639344265 0.9989754098360656 

8
 0.9676877885018883 0.03231221149811162 
 0.6822157434402333 0.3177842565597668 
 0.039215686274509796 0.9607843137254901 
 0.06982803543512248 0.9301719645648776 

8
 0.41647597254004576 0.5835240274599542 
 0.3883161512027491 0.6116838487972509 
 0.2580075662042875 0.7419924337957124 
 0.38028169014084506 0.6197183098591549 

8
 3.497726477789437E-4 0.999650227352221 
 0.0014925373134328358 0.9985074626865671 
 1.9102196752626558E-4 0.9998089780324737 
 0.9991961414790996 8.038585209003213E-4 

4
 0.9998582163618317 1.4178363816815535E-4 
 3.3886818027787193E-4 0.999661131819722 

8
 3.982477100756669E-4 0.9996017522899244 
 2.2007042253521122E-4 0.9997799295774649 
 0.9986789960369881 0.001321003963011889 
 4.553734061930782E-4 0.9995446265938068 

8
 0.7771428571428572 0.22285714285714292 
 0.1797945205479452 0.8202054794520548 
 0.8941772151898735 0.10582278481012657 
 0.457280385078219 0.542719614921781 

4
 0.9027514759942075 0.09724852400579259 
 0.32229795520934756 0.6777020447906523 

4
 0.8141078838174275 0.18589211618257262 
 0.7807520713830465 0.21924792861695347 

2
 0.8974205158968204 0.10257948410317932 

4
 1.2357884330202665E-4 0.9998764211566981 
 0.9994769874476988 5.230125523012552E-4 

4
 5.230125523012552E-4 0.9994769874476988 
 0.9998764211566981 1.2357884330202665E-4 

4
 1.2357884330202665E-4 0.9998764211566981 
 0.9994769874476988 5.230125523012552E-4 

4
 5.230125523012552E-4 0.9994769874476988 
 0.9998764211566981 1.2357884330202665E-4 

4
 1.2357884330202665E-4 0.9998764211566981 
 0.9994769874476988 5.230125523012552E-4 

4
 0.9994769874476988 5.230125523012552E-4 
 1.2357884330202665E-4 0.9998764211566981 

8
 0.0011135857461024496 0.9988864142538975 
 2.3894862604540026E-4 0.9997610513739547 
 0.9987669543773119 0.0012330456226880397 
 0.9997569275644141 2.430724355858046E-4 

8
 0.9998609372827145 1.3906271728549572E-4 
 0.0010309278350515466 0.9989690721649486 
 0.9988358556461001 0.0011641443538998833 
 0.9989878542510122 0.0010121457489878538 

8
 0.9998059759410167 1.9402405898331397E-4 
 2.5759917568263783E-4 0.9997424008243174 
 0.0015873015873015873 0.9984126984126985 
 0.9970760233918129 0.0029239766081871356 

4
 0.7007107133456174 0.29928928665438276 
 0.1741479634247714 0.8258520365752285 

8
 0.5 0.5 
 1.7412502176562778E-4 0.9998258749782345 
 0.5 0.5 
 2.3468669326449197E-4 0.9997653133067355 

8
 0.5 0.5 
 0.5 0.5 
 1.0587612493382744E-4 0.9998941238750663 
 0.0017889087656529524 0.9982110912343469 

8
 0.5 0.5 
 0.5 0.5 
 0.42933810375670844 0.5706618962432917 
 0.4191635786130227 0.5808364213869772 

8
 3.6509675063891943E-4 0.999634903249361 
 6.839945280437759E-4 0.9993160054719562 
 0.9997378080755113 2.6219192448872586E-4 
 0.9994982438534872 5.017561465127947E-4 

8
 0.012235817575083425 0.9877641824249165 
 0.9897106109324759 0.010289389067524118 
 0.34516765285996054 0.6548323471400395 
 0.3189139438564197 0.6810860561435803 

8
 5.420054200542008E-4 0.9994579945799458 
 0.9996239187664534 3.76081233546446E-4 
 0.9994756161510226 5.243838489774513E-4 
 0.9997219905476786 2.7800945232137877E-4 

8
 0.5215476564957534 0.4784523435042466 
 0.6592844974446337 0.34071550255536626 
 0.5557967867998264 0.44420321320017364 
 0.13727359389895138 0.8627264061010487 

8
 0.9998052201012856 1.9477989871445264E-4 
 0.5 0.5 
 0.9997946611909652 2.0533880903490754E-4 
 0.5 0.5 

8
 5.344735435595939E-4 0.9994655264564405 
 0.9997891629770188 2.108370229812355E-4 
 4.952947003467065E-4 0.9995047052996533 
 7.27272727272727E-4 0.9992727272727273 

8
 0.7130508117225385 0.2869491882774615 
 0.5 0.5 
 0.16793893129770987 0.83206106870229 
 0.19305920093321666 0.8069407990667833 

8
 0.17496779733791326 0.8250322026620869 
 0.49370709382151035 0.5062929061784897 
 0.3835616438356164 0.6164383561643836 
 0.7436548223350253 0.2563451776649746 

8
 7.27272727272727E-4 0.9992727272727273 
 4.952947003467065E-4 0.9995047052996533 
 0.9997891629770188 2.108370229812355E-4 
 0.9994655264564405 5.344735435595939E-4 

8
 2.857959416976279E-4 0.9997142040583025 
 0.5 0.5 
 1.5372790161414295E-4 0.9998462720983858 
 0.5 0.5 

8
 0.5 0.5 
 0.5 0.5 
 0.9860544217687075 0.013945578231292517 
 0.7436296715741789 0.2563703284258211 

4
 0.5964079972890546 0.4035920027109454 
 0.24656174677442222 0.7534382532255778 

8
 0.5782452539763981 0.42175474602360186 
 0.1138211382113821 0.8861788617886178 
 0.2611301369863014 0.7388698630136986 
 0.5067090395480226 0.4932909604519774 

8
 0.5362942672666797 0.4637057327333203 
 0.6672797874514613 0.3327202125485387 
 0.5 0.5 
 0.5 0.5 

8
 0.5 0.5 
 0.5 0.5 
 0.9997329059829059 2.670940170940172E-4 
 0.9998402555910543 1.5974440894568693E-4 

8
 1.2659830358273204E-4 0.9998734016964173 
 0.0013755158184319124 0.9986244841815681 
 7.246376811594203E-4 0.9992753623188406 
 0.5 0.5 

8
 0.5 0.5 
 0.5 0.5 
 0.8015058926233086 0.19849410737669138 
 0.27142857142857135 0.7285714285714285 

8
 1.8211619012930256E-4 0.9998178838098708 
 2.2158209616662976E-4 0.9997784179038334 
 0.5 0.5 
 0.5 0.5 

8
 0.5 0.5 
 0.9998180163785259 1.819836214740674E-4 
 0.5 0.5 
 0.9997782213351076 2.217786648924373E-4 

8
 0.9163306451612903 0.08366935483870969 
 0.13011152416356875 0.8698884758364313 
 0.810007251631617 0.18999274836838292 
 0.060188827694728574 0.9398111723052714 

8
 2.9137529137529143E-4 0.9997086247086248 
 2.7005130974885227E-4 0.9997299486902511 
 0.5 0.5 
 0.9996516893068617 3.483106931382792E-4 

8
 0.9965397923875432 0.003460207612456748 
 0.0018281535648994511 0.9981718464351006 
 0.9997394476289735 2.605523710265763E-4 
 0.9998125234345706 1.8747656542932143E-4 

8
 0.15867418899858957 0.8413258110014105 
 0.28192437141160165 0.7180756285883984 
 0.7821686746987951 0.21783132530120486 
 0.6325136612021858 0.3674863387978142 

8
 0.33516949152542375 0.6648305084745763 
 0.9321188878235859 0.0678811121764142 
 0.5533980582524272 0.44660194174757284 
 0.14615384615384616 0.8538461538461538 

8
 0.6599175103112112 0.3400824896887889 
 0.6271515151515151 0.3728484848484849 
 0.28884826325411334 0.7111517367458866 
 0.5 0.5 

8
 2.765486725663716E-4 0.9997234513274337 
 3.773584905660377E-4 0.999622641509434 
 0.9995458673932788 4.5413260672116235E-4 
 6.493506493506494E-4 0.9993506493506494 

8
 5.509641873278239E-4 0.9994490358126723 
 0.9974293059125964 0.0025706940874035992 
 3.4686090877558093E-4 0.9996531390912246 
 2.03210729526519E-4 0.9997967892704734 

8
 0.79424216765453 0.20575783234546993 
 0.7961826857532379 0.20381731424676214 
 0.31645569620253167 0.6835443037974683 
 0.32128777923784496 0.678712220762155 

8
 2.072538860103627E-4 0.9997927461139897 
 0.001340482573726542 0.9986595174262735 
 2.630886608787162E-4 0.9997369113391213 
 0.9984276729559748 0.0015723270440251573 

8
 0.41678370786516855 0.5832162921348315 
 0.005785920925747347 0.9942140790742526 
 0.48785425101214575 0.5121457489878543 
 0.45805843543826574 0.5419415645617341 

8
 0.9995815899581589 4.184100418410043E-4 
 2.2502250225022499E-4 0.9997749774977497 
 0.0010090817356205853 0.9989909182643795 
 0.9995419147961521 4.5808520384791566E-4 

4
 0.9996336996336996 3.663003663003663E-4 
 1.3747594171020073E-4 0.9998625240582897 

8
 0.5 0.5 
 1.7226528854435828E-4 0.9998277347114557 
 0.9997618480590615 2.3815194093831875E-4 
 0.5 0.5 

8
 0.10809040288241073 0.8919095971175892 
 0.07229965156794427 0.9277003484320557 
 0.7792489167067885 0.22075108329321136 
 0.8227465214761039 0.17725347852389595 

8
 0.9995419147961521 4.5808520384791566E-4 
 4.184100418410043E-4 0.9995815899581589 
 2.2502250225022499E-4 0.9997749774977497 
 0.0010090817356205853 0.9989909182643795 

8
 0.9992082343626287 7.917656373713378E-4 
 0.001084598698481562 0.9989154013015185 
 0.9997799295774649 2.2007042253521122E-4 
 3.049710277523637E-4 0.9996950289722475 

8
 0.0010351966873706003 0.9989648033126294 
 0.9995948136142625 4.0518638573743926E-4 
 2.470966147763777E-4 0.9997529033852236 
 0.9996042738425011 3.957261574990108E-4 

8
 0.8594684385382061 0.14053156146179402 
 0.9092964824120603 0.09070351758793971 
 0.101644245142003 0.8983557548579969 
 0.36143039591315457 0.6385696040868455 

8
 3.315649867374006E-4 0.9996684350132625 
 0.9993682880606443 6.317119393556537E-4 
 0.9997236042012161 2.763957987838584E-4 
 0.9994416527079845 5.583472920156336E-4 

8
 0.4867529266789895 0.5132470733210105 
 0.34152139461172737 0.6584786053882726 
 0.1389333943694209 0.861066605630579 
 0.8275236020334059 0.17247639796659403 

8
 2.2946305644791195E-4 0.999770536943552 
 3.616636528028933E-4 0.9996383363471972 
 0.9994941831057158 5.058168942842691E-4 
 0.9988986784140969 0.001101321585903084 

8
 0.9994929006085194 5.070993914807304E-4 
 0.9996727748691099 3.2722513089005243E-4 
 5.787037037037038E-4 0.9994212962962963 
 3.0750307503075037E-4 0.9996924969249693 

8
 0.15686933154182062 0.8431306684581794 
 0.5893805309734514 0.41061946902654867 
 0.641552042701704 0.35844795729829604 
 0.7475728155339807 0.2524271844660194 

8
 4.0436716538617046E-4 0.9995956328346138 
 0.9997392438070405 2.607561929595827E-4 
 0.9994378864530634 5.62113546936481E-4 
 0.9994794377928162 5.205622071837585E-4 

8
 0.9996727748691099 3.2722513089005243E-4 
 5.070993914807304E-4 0.9994929006085194 
 0.9996924969249693 3.0750307503075037E-4 
 5.787037037037038E-4 0.9994212962962963 

8
 2.676659528907924E-4 0.9997323340471093 
 0.9987163029525032 0.001283697047496791 
 2.335902826442421E-4 0.9997664097173559 
 8.250825082508253E-4 0.9991749174917492 

8
 5.16795865633075E-4 0.999483204134367 
 5.861664712778431E-4 0.9994138335287223 
 0.9997784179038334 2.2158209616662976E-4 
 5.393743257820925E-4 0.9994606256742179 

8
 0.5 0.5 
 2.9171528588098014E-4 0.999708284714119 
 0.9998438232078714 1.5617679212868974E-4 
 0.005714285714285715 0.9942857142857142 

8
 0.0016501650165016508 0.9983498349834984 
 0.005714285714285715 0.9942857142857142 
 1.7244352474564588E-4 0.9998275564752543 
 0.999708284714119 2.9171528588098014E-4 

8
 0.9994075829383886 5.924170616113742E-4 
 0.9996776273372018 3.223726627981946E-4 
 0.9993714644877437 6.285355122564423E-4 
 2.7570995312930797E-4 0.9997242900468707 

8
 0.3820603337612324 0.6179396662387676 
 0.5902985074626865 0.40970149253731347 
 0.564983888292159 0.43501611170784105 
 0.9860627177700347 0.013937282229965159 

8
 0.26086956521739135 0.7391304347826086 
 0.5652173913043479 0.4347826086956522 
 0.5278896808180973 0.4721103191819027 
 0.02942148760330578 0.9705785123966942 

8
 2.1645021645021634E-4 0.9997835497835497 
 5.685048322910747E-4 0.9994314951677089 
 3.223726627981946E-4 0.9996776273372018 
 0.9981024667931688 0.001897533206831119 

8
 0.5 0.5 
 2.7770063871146916E-4 0.9997222993612885 
 0.9998438232078714 1.5617679212868974E-4 
 0.5 0.5 

8
 0.5 0.5 
 1.5617679212868974E-4 0.9998438232078714 
 0.9997222993612885 2.7770063871146916E-4 
 0.5 0.5 

8
 0.3366065679330328 0.6633934320669672 
 0.2218844984802432 0.7781155015197568 
 0.26195536663124325 0.7380446333687566 
 0.11371237458193979 0.8862876254180603 

8
 0.8367346938775511 0.16326530612244897 
 0.828116419549698 0.17188358045030205 
 0.6131558339859045 0.38684416601409555 
 0.6415811478525275 0.3584188521474725 

8
 0.9998764211566981 1.2357884330202665E-4 
 6.435006435006437E-4 0.9993564993564994 
 0.5 0.5 
 0.002777777777777778 0.9972222222222222 

8
 0.002777777777777778 0.9972222222222222 
 0.9996130030959753 3.86996904024768E-4 
 0.9993564993564994 6.435006435006437E-4 
 0.9998185117967333 1.814882032667877E-4 

4
 0.7339868552968698 0.2660131447031302 
 0.45180136319376824 0.5481986368062317 

8
 3.8008361839604723E-4 0.999619916381604 
 0.9984301412872842 0.0015698587127158559 
 0.9998169503935566 1.8304960644334624E-4 
 7.83085356303837E-4 0.9992169146436962 

8
 0.35528255528255526 0.6447174447174447 
 0.36 0.64 
 0.0926243567753002 0.9073756432246998 
 0.8711755233494363 0.1288244766505636 

8
 0.5 0.5 
 0.5 0.5 
 0.7003138075313807 0.2996861924686193 
 0.7700197726149285 0.22998022738507165 

8
 0.5 0.5 
 1.2357884330202665E-4 0.9998764211566981 
 5.230125523012552E-4 0.9994769874476988 
 0.5 0.5 

8
 3.1806615776081416E-4 0.9996819338422391 
 1.5865460891638898E-4 0.9998413453910836 
 0.996 0.004000000000000001 
 0.9967845659163987 0.003215434083601286 

4
 0.9998438232078714 1.5617679212868974E-4 
 2.7770063871146916E-4 0.9997222993612885 

8
 5.431830526887557E-4 0.9994568169473113 
 4.2426813746287653E-4 0.9995757318625371 
 0.9996895374107421 3.1046258925799446E-4 
 0.9996137504828119 3.862495171881036E-4 

4
 0.8799657044869963 0.12003429551300371 
 0.694696387394312 0.3053036126056879 

8
 0.5 0.5 
 0.5 0.5 
 0.9905544651619234 0.00944553483807655 
 0.7397408207343412 0.2602591792656587 

8
 0.5 0.5 
 1.3161358252171618E-4 0.9998683864174782 
 0.5 0.5 
 4.156275976724854E-4 0.9995843724023276 

8
 0.003215434083601286 0.9967845659163987 
 0.996 0.004000000000000001 
 0.9998413453910836 1.5865460891638898E-4 
 3.1806615776081416E-4 0.9996819338422391 

8
 0.7956204379562044 0.2043795620437956 
 0.5452205882352941 0.4547794117647059 
 0.69140625 0.30859375 
 0.5 0.5 

8
 0.2833133253301321 0.7166866746698679 
 0.3295194508009154 0.6704805491990847 
 0.68217342761444 0.3178265723855601 
 0.16910631741140217 0.8308936825885979 

8
 0.2919185135437654 0.7080814864562346 
 0.34419942473633747 0.6558005752636626 
 0.7266187050359711 0.2733812949640288 
 0.78722064841045 0.2127793515895499 

8
 0.5607604373757455 0.43923956262425445 
 0.5 0.5 
 0.6487730061349692 0.35122699386503065 
 0.5 0.5 

8
 5.11247443762781E-4 0.9994887525562371 
 0.9994432071269489 5.567928730512247E-4 
 0.9996855345911949 3.1446540880503154E-4 
 0.9996749024707413 3.250975292587776E-4 

8
 0.9978308026030368 0.0021691973969631246 
 2.9163021289005544E-4 0.9997083697871099 
 0.9987261146496816 0.0012738853503184706 
 0.9998124882805176 1.875117194824677E-4 

8
 0.9978260869565219 0.0021739130434782618 
 0.9997616777883698 2.3832221163012403E-4 
 0.9998130841121495 1.8691588785046728E-4 
 0.5 0.5 

8
 0.9997411338338079 2.588661661920787E-4 
 0.9995565410199556 4.434589800443457E-4 
 4.7415836889521095E-4 0.9995258416311048 
 5.614823133071308E-4 0.9994385176866929 

8
 0.19452887537993918 0.8054711246200609 
 0.12832550860719874 0.8716744913928012 
 0.8512918660287081 0.14870813397129187 
 0.619228680065182 0.38077131993481805 

8
 0.3612016437579708 0.6387983562420292 
 0.1326772989480828 0.8673227010519172 
 0.5 0.5 
 0.5 0.5 

8
 0.9986789960369881 0.001321003963011889 
 0.9995446265938068 4.553734061930782E-4 
 0.5 0.5 
 0.9998582163618317 1.4178363816815535E-4 

4
 1.4178363816815535E-4 0.9998582163618317 
 0.999661131819722 3.3886818027787193E-4 

8
 0.5 0.5 
 0.999871514840036 1.284851599640241E-4 
 0.5 0.5 
 0.9995497523638 4.502476361999099E-4 

8
 0.670722433460076 0.3292775665399239 
 0.5 0.5 
 0.9836687080781569 0.016331291921843107 
 0.5 0.5 

8
 0.5 0.5 
 0.17642157883774212 0.8235784211622579 
 0.5 0.5 
 0.48664232173745914 0.5133576782625409 

8
 0.17241379310344826 0.8275862068965516 
 0.5266457680250783 0.47335423197492166 
 0.14001591089896578 0.8599840891010342 
 0.14159156865740033 0.8584084313425997 

4
 0.0886296360787045 0.9113703639212954 
 0.5212391457404365 0.4787608542595635 

8
 0.7868143744933802 0.21318562550661985 
 0.28200000000000003 0.7180000000000001 
 0.6623318385650225 0.3376681614349776 
 0.8908685968819599 0.1091314031180401 

8
 3.214400514304082E-4 0.9996785599485696 
 3.709198813056379E-4 0.9996290801186943 
 0.9992821249102656 7.178750897343866E-4 
 0.9996438746438747 3.561253561253562E-4 

8
 0.9997384937238493 2.615062761506276E-4 
 3.567606136282554E-4 0.9996432393863717 
 0.999495713565305 5.042864346949066E-4 
 7.153075822603717E-4 0.9992846924177397 

8
 0.41666666666666663 0.5833333333333334 
 0.011257035647279551 0.9887429643527204 
 0.5673336938885885 0.43266630611141155 
 0.8287275064267352 0.1712724935732648 

8
 0.9997427321842038 2.5726781579624386E-4 
 0.9996807151979565 3.1928480204342264E-4 
 0.9993784959602238 6.215040397762583E-4 
 7.246376811594203E-4 0.9992753623188406 

8
 0.6534729708917295 0.34652702910827043 
 0.6722689075630253 0.3277310924369748 
 0.885568226504129 0.11443177349587103 
 0.17054263565891473 0.8294573643410853 

8
 0.018348623853211014 0.981651376146789 
 0.9757358790771679 0.024264120922832144 
 0.651690294438386 0.348309705561614 
 0.5161649944258639 0.48383500557413606 

8
 0.09429280397022333 0.9057071960297767 
 0.45689655172413796 0.5431034482758621 
 0.5287739783152627 0.47122602168473726 
 0.7875369325812517 0.21246306741874832 

8
 2.3009664058904733E-4 0.9997699033594111 
 0.9995458673932788 4.5413260672116235E-4 
 4.3365134431916743E-4 0.9995663486556808 
 8.665511265164645E-4 0.9991334488734835 

8
 0.03415300546448087 0.9658469945355191 
 0.893193717277487 0.1068062827225131 
 0.5010752688172043 0.4989247311827957 
 0.55822454308094 0.4417754569190601 

8
 0.9994905756495162 5.094243504839531E-4 
 0.9995199231877101 4.800768122899663E-4 
 0.999654934437543 3.45065562456867E-4 
 3.2637075718015677E-4 0.9996736292428198 

8
 2.478929102627665E-4 0.9997521070897373 
 0.9995602462620933 4.397537379067722E-4 
 6.631299734748014E-4 0.9993368700265252 
 4.5620437956204367E-4 0.9995437956204379 

8
 4.3177892918825565E-4 0.9995682210708119 
 0.9997731911998184 2.2680880018144715E-4 
 7.225433526011564E-4 0.999277456647399 
 0.9994734070563454 5.265929436545552E-4 

8
 2.387204583432799E-4 0.9997612795416566 
 2.5169896803423113E-4 0.9997483010319658 
 0.9986413043478259 0.001358695652173913 
 0.999099099099099 9.009009009009006E-4 

8
 0.31658031088082905 0.6834196891191711 
 0.9645254074784276 0.03547459252157238 
 0.6938150642988364 0.30618493570116345 
 0.6431838975297347 0.3568161024702654 

8
 0.999140154772141 8.598452278589853E-4 
 2.447980416156671E-4 0.9997552019583844 
 5.66251415628539E-4 0.9994337485843714 
 3.34001336005344E-4 0.9996659986639946 

8
 5.924170616113742E-4 0.9994075829383886 
 0.9993403693931397 6.596306068601584E-4 
 0.9997320471597 2.679528403001073E-4 
 3.255208333333334E-4 0.9996744791666666 

8
 0.4431818181818182 0.5568181818181818 
 0.8389513108614232 0.16104868913857676 
 0.7026627218934911 0.2973372781065089 
 0.42473860722035905 0.575261392779641 

8
 0.9988649262202043 0.0011350737797956873 
 0.0035211267605633817 0.9964788732394366 
 3.6805299963194705E-4 0.9996319470003681 
 1.6323865491348354E-4 0.9998367613450865 

8
 0.8994648318042814 0.10053516819571864 
 0.783809523809524 0.21619047619047616 
 0.9763290648040357 0.0236709351959643 
 0.7235059760956175 0.2764940239043825 

8
 5.524861878453038E-4 0.9994475138121546 
 5.063291139240508E-4 0.9994936708860759 
 0.9997270742358079 2.729257641921396E-4 
 3.90777647518562E-4 0.9996092223524814 

8
 0.2847171197648788 0.7152828802351212 
 0.3061127029608404 0.6938872970391595 
 0.3127272727272727 0.6872727272727274 
 0.41434755720470007 0.5856524427952999 

8
 0.9997531473710194 2.4685262898049875E-4 
 2.2909507445589912E-4 0.9997709049255442 
 0.0012091898428053206 0.9987908101571947 
 0.9986928104575163 0.00130718954248366 

8
 0.7241529105125978 0.2758470894874023 
 0.6375617792421746 0.3624382207578254 
 0.2702147099132024 0.7297852900867976 
 0.04295942720763722 0.9570405727923627 

8
 0.20461095100864554 0.7953890489913544 
 0.9398401346234749 0.06015986537652505 
 0.8967075532601678 0.10329244673983216 
 0.3207164582629267 0.6792835417370734 

8
 0.9916666666666667 0.008333333333333337 
 0.0036900369003690027 0.9963099630996309 
 1.6789791806581602E-4 0.9998321020819342 
 2.731494127287626E-4 0.9997268505872713 

8
 0.012820512820512822 0.9871794871794873 
 0.9772727272727272 0.022727272727272728 
 0.9997302400863233 2.697599136768275E-4 
 1.618384851917786E-4 0.9998381615148082 

8
 0.9996597482136781 3.4025178632187823E-4 
 4.008016032064126E-4 0.9995991983967936 
 0.999534233814625 4.6576618537494163E-4 
 4.1203131437989276E-4 0.9995879686856202 

8
 0.9971700540262413 0.0028299459737586843 
 0.3068181818181818 0.6931818181818183 
 0.3142025919069029 0.6857974080930971 
 0.09413202933985332 0.9058679706601467 

8
 0.20016077170418006 0.79983922829582 
 0.020348837209302327 0.9796511627906977 
 0.7004229323308271 0.2995770676691729 
 0.3855005753739931 0.6144994246260069 

4
 2.2851919561243152E-4 0.9997714808043875 
 0.9998223169864962 1.7768301350390905E-4 

8
 2.67379679144385E-4 0.9997326203208557 
 5.291005291005289E-4 0.9994708994708995 
 0.999329309188464 6.706908115358819E-4 
 3.4638032559750607E-4 0.9996536196744025 

8
 0.9988009592326139 0.0011990407673860908 
 0.001517450682852808 0.9984825493171472 
 4.206983592763986E-4 0.9995793016407236 
 1.6291951775822752E-4 0.9998370804822418 

8
 0.9978354978354979 0.0021645021645021636 
 0.9994372537985369 5.6274620146314E-4 
 0.9994378864530634 5.62113546936481E-4 
 1.6694490818030047E-4 0.9998330550918196 

8
 0.0017211703958691913 0.9982788296041308 
 1.391207568169171E-4 0.9998608792431831 
 0.998805256869773 0.0011947431302270011 
 0.9992867332382311 7.132667617689016E-4 

8
 0.6231190150478796 0.37688098495212036 
 0.991111111111111 0.008888888888888885 
 0.18630678077682689 0.8136932192231731 
 0.9338429873566598 0.06615701264334019 

8
 2.187226596675416E-4 0.9997812773403326 
 0.9994065281899109 5.93471810089021E-4 
 5.146680391147709E-4 0.9994853319608852 
 5.530973451327434E-4 0.9994469026548674 

8
 1.8864365214110536E-4 0.9998113563478589 
 0.5 0.5 
 2.1263023601956208E-4 0.9997873697639804 
 0.5 0.5 

8
 0.6783964365256125 0.32160356347438757 
 0.5481049562682216 0.45189504373177847 
 0.5 0.5 
 0.33919929608446986 0.6608007039155301 

8
 0.999815293683044 1.8470631695603992E-4 
 4.399472063352397E-4 0.9995600527936647 
 0.5 0.5 
 0.9995687796463992 4.312203536006902E-4 

8
 4.312203536006902E-4 0.9995687796463992 
 0.9991356957649092 8.643042350907515E-4 
 0.9995600527936647 4.399472063352397E-4 
 0.9997652030993192 2.3479690068091096E-4 

8
 0.9994432071269489 5.567928730512247E-4 
 2.984183825723665E-4 0.9997015816174275 
 0.999404761904762 5.952380952380953E-4 
 3.1436655139893097E-4 0.9996856334486012 

8
 3.0750307503075037E-4 0.9996924969249693 
 0.9996084573218481 3.9154267815191845E-4 
 0.9996143463170073 3.8565368299267274E-4 
 6.215040397762583E-4 0.9993784959602238 

8
 0.6912045889101338 0.30879541108986613 
 0.2452830188679245 0.7547169811320755 
 0.4835164835164835 0.5164835164835165 
 0.7681087762669963 0.23189122373300375 

8
 0.3878887070376432 0.6121112929623568 
 0.00735294117647059 0.9926470588235295 
 0.6545493197278912 0.34545068027210885 
 0.6857577293461733 0.31424227065382665 

8
 0.5814800613496932 0.41851993865030673 
 0.5 0.5 
 0.5 0.5 
 0.06182121971595655 0.9381787802840433 

8
 2.0885547201336674E-4 0.9997911445279866 
 0.9998082822085889 1.9171779141104287E-4 
 0.5 0.5 
 0.5 0.5 

8
 0.657914478619655 0.34208552138034515 
 0.6613247863247863 0.3386752136752137 
 0.23060227889310908 0.769397721106891 
 0.6501424501424501 0.34985754985754985 

8
 0.5357345433919456 0.4642654566080544 
 0.4581497797356828 0.5418502202643172 
 0.08819538670284939 0.9118046132971507 
 0.18040979510244878 0.8195902048975512 

4
 0.9416466826538769 0.058353317346123104 
 0.3392 0.6608 

8
 0.9992289899768697 7.710100231303006E-4 
 3.511235955056181E-4 0.9996488764044944 
 4.78697941598851E-4 0.9995213020584011 
 0.9997350291467939 2.6497085320614734E-4 

8
 0.9996061441512407 3.9385584875935406E-4 
 0.9996050552922591 3.949447077409165E-4 
 0.999649982499125 3.500175008750439E-4 
 4.807692307692308E-4 0.9995192307692308 

8
 3.077870113881193E-4 0.9996922129886119 
 0.9957627118644069 0.004237288135593219 
 0.9998335552596538 1.664447403462051E-4 
 0.001941747572815533 0.9980582524271845 

8
 0.12027323737496952 0.8797267626250305 
 0.48344988344988343 0.5165501165501165 
 0.49706015377657164 0.5029398462234284 
 0.9761751448808756 0.02382485511912428 

8
 1.9142419601837668E-4 0.9998085758039815 
 0.9996299037749815 3.7009622501850496E-4 
 0.9995192307692308 4.807692307692308E-4 
 0.5 0.5 

8
 0.6261398176291794 0.3738601823708207 
 0.6859844810863239 0.314015518913676 
 0.38603913273400314 0.6139608672659967 
 0.7361319340329835 0.2638680659670165 

8
 0.5 0.5 
 1.4056789429294354E-4 0.999859432105707 
 0.5 0.5 
 3.4602076124567484E-4 0.9996539792387542 

8
 0.06991720331186753 0.9300827966881324 
 0.8891443167305236 0.11085568326947638 
 0.5 0.5 
 0.5 0.5 

8
 0.7721829069134458 0.22781709308655412 
 0.5261984392419176 0.47380156075808255 
 0.30098452883263005 0.69901547116737 
 0.6218543046357616 0.3781456953642384 

8
 0.5699263932702419 0.43007360672975814 
 0.821626049559697 0.17837395044030308 
 0.28125 0.71875 
 0.027127355796687607 0.9728726442033124 

4
 0.9986468200270636 0.001353179972936401 
 1.0793308148947657E-4 0.9998920669185104 

8
 0.8733705772811917 0.1266294227188082 
 0.5343137254901962 0.465686274509804 
 0.5296172780689217 0.4703827219310783 
 0.8872053872053871 0.11279461279461281 

8
 0.8717023049153013 0.12829769508469868 
 0.3042323910666875 0.6957676089333125 
 0.5 0.5 
 0.5 0.5 

8
 6.218905472636817E-4 0.9993781094527363 
 0.001019367991845056 0.998980632008155 
 0.9998027224304596 1.9727756954034332E-4 
 4.25531914893617E-4 0.9995744680851064 

8
 0.019319227230910764 0.9806807727690893 
 0.38997214484679665 0.6100278551532033 
 0.3415889353489868 0.6584110646510132 
 0.7919282511210762 0.20807174887892377 

8
 0.6495238095238095 0.35047619047619055 
 0.23589743589743586 0.764102564102564 
 0.9188464118041583 0.08115358819584172 
 0.2966113136222492 0.7033886863777506 

8
 3.108486167236556E-4 0.9996891513832763 
 5.393743257820925E-4 0.9994606256742179 
 0.9990974729241877 9.02527075812274E-4 
 2.6116479498563606E-4 0.9997388352050144 

8
 2.0580366330520688E-4 0.9997941963366948 
 4.800768122899663E-4 0.9995199231877101 
 0.5 0.5 
 3.2637075718015677E-4 0.9996736292428198 

8
 0.9309810003877471 0.06901899961225282 
 0.6647638816813699 0.33523611831863 
 0.29927272727272725 0.7007272727272728 
 0.8891715116279069 0.11082848837209303 

8
 0.5 0.5 
 0.5 0.5 
 0.999816075041383 1.8392495861688425E-4 
 0.9997810378804467 2.1896211955331718E-4 

8
 0.5 0.5 
 0.5 0.5 
 3.8372985418265535E-4 0.9996162701458173 
 1.3517166801838335E-4 0.9998648283319818 

8
 0.7962032384142936 0.20379676158570625 
 0.00353356890459364 0.9964664310954064 
 0.705078125 0.294921875 
 0.375 0.625 

8
 0.9998178174530881 1.8218254691200578E-4 
 0.9886363636363635 0.011363636363636362 
 0.9997577519379846 2.422480620155038E-4 
 0.003300330033003302 0.9966996699669968 

8
 0.813343328335832 0.1866566716641679 
 0.4841530054644809 0.5158469945355191 
 0.06855670103092784 0.9314432989690721 
 0.7410207939508506 0.2589792060491493 

8
 0.999567474048443 4.3252595155709333E-4 
 0.9997268505872713 2.731494127287626E-4 
 4.7938638542665375E-4 0.9995206136145733 
 0.9994869163673679 5.13083632632119E-4 

8
 0.85177733065057 0.14822266934942988 
 0.769310703152061 0.230689296847939 
 0.5 0.5 
 0.10838663823738452 0.8916133617626154 

8
 0.9995549621717845 4.450378282153984E-4 
 5.390835579514823E-4 0.9994609164420486 
 4.5289855072463747E-4 0.9995471014492755 
 2.704164413196323E-4 0.9997295835586804 

4
 1.7768301350390905E-4 0.9998223169864962 
 0.9997714808043875 2.2851919561243152E-4 

8
 0.16408204102051024 0.8359179589794898 
 0.312829525483304 0.6871704745166959 
 0.4927536231884057 0.5072463768115941 
 0.23728813559322035 0.7627118644067796 

8
 0.43939393939393945 0.5606060606060606 
 0.7727272727272727 0.22727272727272727 
 0.4401262576445058 0.5598737423554941 
 0.2517482517482518 0.7482517482517482 

8
 2.9052876234747233E-4 0.9997094712376526 
 0.9997470915528578 2.5290844714213456E-4 
 8.237232289950578E-4 0.9991762767710051 
 7.153075822603717E-4 0.9992846924177397 

8
 0.1047945205479452 0.8952054794520549 
 0.2418032786885246 0.7581967213114753 
 0.8752298769274296 0.12477012307257039 
 0.946518668012109 0.05348133198789101 

8
 0.06642066420664208 0.933579335793358 
 0.8048294747323873 0.1951705252676126 
 0.6334371754932503 0.3665628245067498 
 0.0924195223260644 0.9075804776739357 

8
 0.2181818181818182 0.7818181818181817 
 0.5484647802528597 0.4515352197471403 
 0.02459016393442623 0.9754098360655739 
 0.4746682750301568 0.5253317249698432 

8
 6.250000000000003E-4 0.999375 
 0.9995985547972701 4.0144520272982723E-4 
 0.9992217898832685 7.782101167315175E-4 
 2.158894645941278E-4 0.9997841105354058 

8
 0.9233766233766234 0.07662337662337664 
 0.7262969588550984 0.2737030411449016 
 0.74016361511492 0.2598363848850798 
 0.8556616643929058 0.1443383356070941 

8
 0.812664907651715 0.18733509234828497 
 0.518341307814992 0.481658692185008 
 0.3058194774346793 0.6941805225653207 
 0.24943310657596374 0.7505668934240362 

8
 2.158894645941278E-4 0.9997841105354058 
 7.782101167315175E-4 0.9992217898832685 
 0.9995985547972701 4.0144520272982723E-4 
 0.999375 6.250000000000003E-4 

8
 2.501250625312655E-4 0.9997498749374687 
 2.704164413196323E-4 0.9997295835586804 
 0.9985294117647059 0.001470588235294118 
 6.127450980392155E-4 0.9993872549019608 

8
 8.237232289950578E-4 0.9991762767710051 
 0.9997569866342649 2.4301336573511546E-4 
 9.107468123861565E-4 0.9990892531876139 
 0.9997207483943034 2.7925160569673284E-4 

8
 0.2578490313961256 0.7421509686038744 
 0.27671488567428837 0.7232851143257116 
 0.7659195109526236 0.2340804890473765 
 0.6740376740376741 0.325962325962326 

8
 0.6482412060301508 0.3517587939698492 
 0.9014084507042254 0.09859154929577463 
 0.8408900083963056 0.15910999160369435 
 0.16172235023041476 0.8382776497695853 

8
 0.26445578231292516 0.7355442176870748 
 0.37169206094627105 0.628307939053729 
 0.44616788321167883 0.5538321167883211 
 0.7343826856861779 0.26561731431382196 

8
 0.9996338337605273 3.6616623947272064E-4 
 3.447087211306445E-4 0.9996552912788694 
 0.9995271867612293 4.728132387706857E-4 
 4.4228217602830587E-4 0.9995577178239716 

8
 0.0361039476294386 0.9638960523705614 
 0.2048252092565239 0.7951747907434761 
 0.4063969896519285 0.5936030103480714 
 0.6 0.4 

8
 0.9997167941093176 2.8320589068252613E-4 
 0.9993302076356329 6.697923643670464E-4 
 3.4083162917518763E-4 0.9996591683708249 
 0.9995121951219512 4.878048780487806E-4 

8
 0.557336854017352 0.4426631459826481 
 0.19696969696969702 0.8030303030303031 
 0.03776978417266187 0.9622302158273381 
 0.5535714285714286 0.44642857142857145 

8
 0.9985294117647059 0.001470588235294118 
 0.9998557414887478 1.442585112521639E-4 
 0.5 0.5 
 4.177109440267336E-4 0.9995822890559731 

8
 0.9998557414887478 1.442585112521639E-4 
 0.9981024667931688 0.001897533206831119 
 4.177109440267336E-4 0.9995822890559731 
 0.9935483870967742 0.006451612903225808 

8
 0.001814882032667877 0.9981851179673322 
 5.005005005005004E-4 0.9994994994994995 
 0.9997890295358649 2.1097046413502102E-4 
 0.9996322177271056 3.677822728944465E-4 

8
 3.6751194413818446E-4 0.9996324880558617 
 0.001222493887530562 0.9987775061124694 
 2.462447672986948E-4 0.9997537552327014 
 0.9995847176079735 4.1528239202657814E-4 

8
 0.9997172745264349 2.827254735651681E-4 
 8.605851979345956E-4 0.9991394148020655 
 2.3668639053254448E-4 0.9997633136094675 
 9.225092250922505E-4 0.9990774907749077 

8
 0.8473118279569892 0.15268817204301074 
 0.3262632563942608 0.6737367436057393 
 0.6880269814502529 0.311973018549747 
 0.3357294994675186 0.6642705005324814 

8
 4.156275976724854E-4 0.9995843724023276 
 0.9993197278911565 6.802721088435376E-4 
 0.9997219132369298 2.780867630700778E-4 
 3.943217665615143E-4 0.9996056782334386 

8
 0.858274647887324 0.14172535211267606 
 0.6399132321041214 0.36008676789587857 
 0.7595642259944262 0.24043577400557387 
 0.8990756932300774 0.10092430676992256 

8
 0.6702657807308969 0.32973421926910296 
 0.5 0.5 
 0.05454820187367786 0.9454517981263221 
 0.0836734693877551 0.916326530612245 

8
 0.5 0.5 
 0.5 0.5 
 0.5745300503044745 0.42546994969552554 
 0.5474546330496226 0.4525453669503774 

8
 0.9998041136141037 1.9588638589618018E-4 
 0.9995150339476235 4.849660523763339E-4 
 0.999266862170088 7.331378299120236E-4 
 6.770480704129992E-4 0.999322951929587 

8
 0.9996854356715948 3.145643284051587E-4 
 1.8691588785046728E-4 0.9998130841121495 
 0.9990186457311089 9.813542688910696E-4 
 0.9978260869565219 0.0021739130434782618 

8
 0.9996526571726294 3.473428273706149E-4 
 3.930817610062892E-4 0.9996069182389936 
 3.8197097020626415E-4 0.9996180290297936 
 0.9994916115912557 5.083884087442806E-4 

8
 0.4853426919900908 0.5146573080099092 
 0.5 0.5 
 0.21220930232558136 0.7877906976744187 
 0.5 0.5 

8
 0.5 0.5 
 0.3343006384213581 0.665699361578642 
 0.5 0.5 
 0.8098505641964013 0.19014943580359867 

8
 0.9212839910038847 0.07871600899611533 
 0.09339263024142314 0.9066073697585768 
 0.7939642324888225 0.20603576751117736 
 0.4458672875436554 0.5541327124563445 

8
 0.5 0.5 
 0.4575471698113207 0.5424528301886793 
 0.5 0.5 
 0.21552092228864222 0.7844790777113578 

8
 0.29393939393939394 0.706060606060606 
 0.5 0.5 
 0.5194957109435924 0.4805042890564076 
 0.5 0.5 

8
 0.9996400287976962 3.5997120230381573E-4 
 5.263157894736843E-4 0.9994736842105262 
 3.0959752321981415E-4 0.9996904024767802 
 4.761904761904764E-4 0.9995238095238096 

8
 0.9986876640419948 0.001312335958005249 
 4.955401387512391E-4 0.9995044598612488 
 3.8955979742890534E-4 0.999610440202571 
 0.9997854537652864 2.145462347135808E-4 

8
 4.555808656036448E-4 0.9995444191343964 
 2.549069589599796E-4 0.9997450930410401 
 0.9992503748125937 7.496251874062972E-4 
 0.9996087636932707 3.912363067292643E-4 

8
 1.5617679212868974E-4 0.9998438232078714 
 0.5 0.5 
 0.5 0.5 
 0.9997222993612885 2.7770063871146916E-4 

8
 0.5 0.5 
 0.5 0.5 
 0.2612541773147238 0.7387458226852763 
 0.4978645515558267 0.5021354484441732 

8
 0.48898279504980385 0.5110172049501962 
 0.44947735191637633 0.5505226480836237 
 0.2052132701421801 0.79478672985782 
 0.9721199368753288 0.027880063124671232 

4
 0.5194021270480023 0.4805978729519977 
 0.9297439264609324 0.07025607353906764 

4
 0.8293515358361775 0.17064846416382257 
 0.7501405283867341 0.2498594716132659 

4
 0.6053649407361198 0.3946350592638801 
 0.7797888386123681 0.22021116138763197 

4
 0.9998438232078714 1.5617679212868974E-4 
 2.7770063871146916E-4 0.9997222993612885 

4
 5.230125523012552E-4 0.9994769874476988 
 0.9998764211566981 1.2357884330202665E-4 

4
 0.2879387048937222 0.7120612951062778 
 0.49529288702928875 0.5047071129707112 

4
 0.5981080256332012 0.4018919743667989 
 0.85625092909172 0.14374907090828004 

4
 0.6145077720207254 0.38549222797927457 
 0.969352014010508 0.030647985989492126 

4
 1.5617679212868974E-4 0.9998438232078714 
 0.9997222993612885 2.7770063871146916E-4 

4
 2.7770063871146916E-4 0.9997222993612885 
 0.9998438232078714 1.5617679212868974E-4 

8
 0.5 0.5 
 0.0794871794871795 0.9205128205128205 
 0.5 0.5 
 0.63018971679956 0.36981028320043996 

8
 0.9211956521739131 0.07880434782608696 
 0.6759465478841871 0.32405345211581293 
 0.6949152542372882 0.3050847457627119 
 0.5849204278632925 0.41507957213670754 

8
 0.9988713318284423 0.001128668171557562 
 0.5 0.5 
 1.4216661927779354E-4 0.9998578333807222 
 0.9995206136145733 4.7938638542665375E-4 

8
 1.9657951641438963E-4 0.9998034204835857 
 2.894356005788712E-4 0.9997105643994212 
 0.9988713318284423 0.001128668171557562 
 0.0017241379310344825 0.9982758620689655 

8
 2.3573785950023576E-4 0.9997642621404998 
 0.9958333333333333 0.0041666666666666675 
 0.999816883354697 1.8311664530305802E-4 
 0.015384615384615389 0.9846153846153847 

8
 0.5054192812321734 0.49458071876782667 
 0.010664479081214106 0.989335520918786 
 0.09884937238493721 0.9011506276150628 
 0.9978206724782066 0.0021793275217932757 

4
 2.2851919561243152E-4 0.9997714808043875 
 0.9998223169864962 1.7768301350390905E-4 

8
 0.3835616438356164 0.6164383561643836 
 0.6497263487099296 0.35027365129007043 
 0.7852216748768474 0.21477832512315276 
 0.9310185185185185 0.06898148148148148 

8
 0.9983633387888707 0.001636661211129297 
 1.992428770671448E-4 0.9998007571229329 
 2.864508736751648E-4 0.9997135491263249 
 0.9988726042841036 0.00112739571589628 

8
 4.5745654162854515E-4 0.9995425434583715 
 3.102699348433137E-4 0.9996897300651567 
 0.9994739610731194 5.260389268805891E-4 
 0.9996293550778353 3.706449221645662E-4 

8
 8.976660682226211E-4 0.9991023339317775 
 0.9997819925877479 2.180074122520166E-4 
 0.9987834549878345 0.0012165450121654497 
 2.869440459110473E-4 0.9997130559540889 

8
 7.961783439490446E-4 0.999203821656051 
 2.4038461538461537E-4 0.9997596153846153 
 4.260758414997871E-4 0.9995739241585002 
 0.999554565701559 4.4543429844097997E-4 

8
 0.999554565701559 4.4543429844097997E-4 
 0.5 0.5 
 0.9997596153846153 2.4038461538461537E-4 
 0.9997222993612885 2.7770063871146916E-4 

8
 8.643042350907515E-4 0.9991356957649092 
 0.9995687796463992 4.312203536006902E-4 
 0.9995600527936647 4.399472063352397E-4 
 2.3479690068091096E-4 0.9997652030993192 

8
 4.4543429844097997E-4 0.999554565701559 
 4.260758414997871E-4 0.9995739241585002 
 0.9997596153846153 2.4038461538461537E-4 
 0.999203821656051 7.961783439490446E-4 

8
 0.3832902670111973 0.6167097329888027 
 0.14750957854406133 0.8524904214559388 
 0.23711810305517553 0.7628818969448244 
 0.9622387053270398 0.03776129467296022 

8
 0.33870967741935487 0.6612903225806451 
 0.29194211184563157 0.7080578881543684 
 0.49718574108818014 0.50281425891182 
 0.41129476584022034 0.5887052341597796 

8
 0.9981024667931688 0.001897533206831119 
 2.13174163291409E-4 0.9997868258367085 
 0.5 0.5 
 0.9997911445279866 2.0885547201336674E-4 

8
 5.125576627370577E-4 0.999487442337263 
 0.9997027348394768 2.972651605231866E-4 
 5.917159763313611E-4 0.9994082840236685 
 3.330003330003331E-4 0.9996669996669998 

8
 0.5 0.5 
 0.5 0.5 
 0.9997911445279866 2.0885547201336674E-4 
 1.9171779141104287E-4 0.9998082822085889 

8
 2.0885547201336674E-4 0.9997911445279866 
 0.5 0.5 
 0.9993714644877437 6.285355122564423E-4 
 0.9997242900468707 2.7570995312930797E-4 

8
 0.9997255009607466 2.744990392533626E-4 
 0.9989462592202318 0.0010537407797681767 
 0.9997136311569302 2.8636884306987406E-4 
 5.1975051975052E-4 0.9994802494802495 

8
 0.8503688092729188 0.14963119072708111 
 0.01682321603813262 0.9831767839618673 
 0.36694386694386694 0.6330561330561331 
 0.5 0.5 

8
 2.1021652301870917E-4 0.9997897834769812 
 0.999607381232823 3.926187671770712E-4 
 4.555808656036448E-4 0.9995444191343964 
 0.0019646365422396855 0.9980353634577603 

8
 3.7009622501850496E-4 0.9996299037749815 
 0.9996288047512991 3.711952487008168E-4 
 0.9994456762749445 5.543237250554324E-4 
 0.9996438746438747 3.561253561253562E-4 

8
 0.6735015772870663 0.32649842271293383 
 0.1755630978093181 0.8244369021906819 
 0.658119658119658 0.34188034188034183 
 0.8104317335086566 0.18956826649134345 

8
 0.4159182409414679 0.584081759058532 
 0.32076533483398983 0.6792346651660102 
 0.7065381138897259 0.2934618861102742 
 0.14913844325609033 0.8508615567439097 

4
 0.40730717185385656 0.5926928281461434 
 0.5076092822450081 0.4923907177549919 

8
 0.1514114627887083 0.8485885372112917 
 0.6720793865584123 0.32792061344158774 
 0.2352139547560643 0.7647860452439357 
 0.9705384354893328 0.02946156451066712 

8
 0.17161167813909328 0.8283883218609067 
 0.7534573199809251 0.2465426800190749 
 0.34176434299814934 0.6582356570018508 
 0.254694270582571 0.745305729417429 

8
 0.9998414711477489 1.5852885225110976E-4 
 3.3909799932180403E-4 0.9996609020006781 
 0.017543859649122806 0.9824561403508772 
 0.0014409221902017294 0.9985590778097984 

8
 0.9991568296795952 8.431703204047217E-4 
 0.999780268072951 2.1973192704900017E-4 
 0.0013351134846461945 0.9986648865153539 
 0.9997160704145373 2.839295854628051E-4 

8
 0.14189189189189186 0.8581081081081081 
 0.5007841087297439 0.4992158912702561 
 0.4639175257731959 0.5360824742268041 
 0.6339851280638942 0.3660148719361057 

8
 0.6308345120226309 0.36916548797736914 
 0.8897379912663756 0.11026200873362446 
 0.5392680921052632 0.46073190789473684 
 0.6529395058222096 0.34706049417779045 

8
 0.9992082343626287 7.917656373713378E-4 
 0.9989154013015185 0.001084598698481562 
 2.2007042253521122E-4 0.9997799295774649 
 3.049710277523637E-4 0.9996950289722475 

8
 0.999106344950849 8.936550491510279E-4 
 1.8073377914332197E-4 0.9998192662208567 
 0.9990619136960601 9.38086303939962E-4 
 4.3668122270742364E-4 0.9995633187772925 

8
 2.1753317380900596E-4 0.999782466826191 
 0.9991735537190084 8.264462809917352E-4 
 0.9975786924939466 0.002421307506053268 
 2.639915522703272E-4 0.9997360084477296 

8
 0.001084598698481562 0.9989154013015185 
 0.9992082343626287 7.917656373713378E-4 
 3.049710277523637E-4 0.9996950289722475 
 0.9997799295774649 2.2007042253521122E-4 

4
 0.10036630036630037 0.8996336996336997 
 0.06392631289524335 0.9360736871047568 

8
 0.8577405857740584 0.14225941422594143 
 0.5760576057605761 0.4239423942394239 
 0.5121392579019698 0.4878607420980302 
 0.9323915237134208 0.06760847628657922 

8
 0.9981378026070763 0.0018621973929236505 
 0.004901960784313725 0.9950980392156862 
 0.9998411942194697 1.5880578053041136E-4 
 3.3670033670033677E-4 0.9996632996632998 

8
 3.229974160206717E-4 0.9996770025839794 
 0.9997987522640371 2.0124773596297046E-4 
 0.001526717557251908 0.9984732824427481 
 0.9992236024844721 7.763975155279503E-4 

8
 0.5 0.5 
 0.8296411856474258 0.17035881435257413 
 0.3583333333333333 0.6416666666666666 
 0.16236162361623616 0.8376383763837638 

8
 0.010989010989010988 0.989010989010989 
 0.9998533294221179 1.466705778820769E-4 
 0.0033333333333333322 0.9966666666666667 
 0.9996427295462665 3.572704537334764E-4 

8
 0.39840637450199207 0.6015936254980081 
 0.7890260631001371 0.21097393689986282 
 0.13783597518952448 0.8621640248104755 
 0.8494830488098101 0.15051695119018996 

8
 0.8717056190949776 0.12829438090502238 
 0.39588281868566905 0.604117181314331 
 0.31656874265569923 0.6834312573443009 
 0.3219039935457846 0.6780960064542154 

8
 0.6251269035532995 0.3748730964467005 
 0.40194174757281553 0.5980582524271845 
 0.10563507881862658 0.8943649211813733 
 0.6176470588235294 0.38235294117647056 

8
 0.9376498800959232 0.06235011990407673 
 0.9742033383915023 0.02579666160849772 
 0.5 0.5 
 0.3559262304710442 0.6440737695289556 

8
 0.5 0.5 
 1.7768301350390905E-4 0.9998223169864962 
 0.999329309188464 6.706908115358819E-4 
 3.4638032559750607E-4 0.9996536196744025 

4
 0.9998223169864962 1.7768301350390905E-4 
 2.2851919561243152E-4 0.9997714808043875 

4
 0.5872347066167292 0.41276529338327095 
 0.17046718576195774 0.8295328142380421 

8
 0.044354838709677415 0.9556451612903225 
 0.6929899856938484 0.3070100143061516 
 0.17781589479702686 0.8221841052029731 
 0.13243064729194187 0.8675693527080581 

8
 0.13002535313292285 0.8699746468670773 
 0.7000618429189857 0.2999381570810143 
 0.787149917627677 0.2128500823723229 
 0.520616570327553 0.479383429672447 

8
 7.457121551081285E-4 0.9992542878448919 
 3.589375448671932E-4 0.9996410624551328 
 0.9996433666191155 3.5663338088445074E-4 
 0.9996750081247968 3.249918752031201E-4 

8
 0.33015267175572516 0.6698473282442747 
 0.5313028764805415 0.4686971235194586 
 0.7193708609271523 0.2806291390728477 
 0.1074692719823511 0.8925307280176489 

8
 0.9997870528109029 2.1294718909710384E-4 
 8.912655971479505E-4 0.9991087344028521 
 3.0959752321981415E-4 0.9996904024767802 
 0.0010416666666666667 0.9989583333333332 

8
 0.6622470341939986 0.3377529658060014 
 0.6228855721393035 0.37711442786069654 
 0.5292517006802722 0.4707482993197279 
 0.45525494276795003 0.5447450572320499 

8
 0.999735659529474 2.643404705260374E-4 
 4.361098996947232E-4 0.9995638901003053 
 3.7835792659856227E-4 0.9996216420734015 
 7.757951900698216E-4 0.9992242048099302 

8
 0.10279187817258884 0.897208121827411 
 0.9529147982062781 0.04708520179372197 
 0.32252027448534004 0.6774797255146601 
 0.9054182509505703 0.09458174904942968 

8
 0.9983870967741935 0.0016129032258064516 
 4.83558994197292E-4 0.9995164410058028 
 3.1685678073510777E-4 0.9996831432192648 
 2.401536983669548E-4 0.9997598463016332 

8
 0.1936127744510978 0.8063872255489022 
 0.3966942148760331 0.6033057851239669 
 0.2982456140350877 0.7017543859649122 
 0.26315789473684204 0.7368421052631579 

8
 0.7856214811606755 0.2143785188393244 
 0.5886581469648562 0.41134185303514376 
 0.24168514412416853 0.7583148558758315 
 0.8376188798872843 0.16238112011271572 

8
 7.153075822603717E-4 0.9992846924177397 
 5.042864346949066E-4 0.999495713565305 
 0.9996432393863717 3.567606136282554E-4 
 0.9997384937238493 2.615062761506276E-4 

8
 0.3263525305410122 0.6736474694589878 
 0.6415770609318996 0.3584229390681004 
 0.20977745348412988 0.7902225465158701 
 0.1706768608050371 0.8293231391949629 

8
 7.698229407236338E-4 0.9992301770592763 
 0.9993256911665543 6.743088334457178E-4 
 0.9996963255390222 3.036744609778318E-4 
 2.5425883549453347E-4 0.9997457411645054 

8
 0.8662790697674417 0.13372093023255813 
 0.234943351222421 0.7650566487775792 
 0.42595063375583725 0.5740493662441628 
 0.025672075563090337 0.9743279244369096 

8
 0.9991554054054053 8.445945945945949E-4 
 0.9993887530562348 6.11246943765281E-4 
 5.817335660267597E-4 0.9994182664339734 
 1.8284878405558597E-4 0.9998171512159444 

8
 0.9997645396750647 2.354603249352485E-4 
 0.0018903591682419662 0.998109640831758 
 0.9997392438070405 2.607561929595827E-4 
 0.9992841803865425 7.15819613457409E-4 

8
 0.27727588603196657 0.7227241139680334 
 0.8711122169693953 0.12888778303060464 
 0.9538461538461539 0.046153846153846156 
 0.4732142857142857 0.5267857142857143 

8
 0.5511393746687865 0.44886062533121357 
 0.297244094488189 0.702755905511811 
 0.08029857498303553 0.9197014250169644 
 0.815946348733234 0.18405365126676604 

8
 0.9996519317786285 3.480682213713887E-4 
 0.9996193376475067 3.8066235249333827E-4 
 4.2771599657827184E-4 0.9995722840034218 
 0.9995391705069124 4.6082949308755755E-4 

8
 3.0854674483184213E-4 0.9996914532551682 
 0.9997741133950757 2.258866049243281E-4 
 5.948839976204641E-4 0.9994051160023796 
 0.9984825493171472 0.001517450682852808 

8
 0.9992937853107345 7.062146892655368E-4 
 6.38977635782748E-4 0.9993610223642172 
 2.941176470588234E-4 0.9997058823529411 
 2.7570995312930797E-4 0.9997242900468707 

8
 0.5368171021377672 0.46318289786223277 
 0.06419257773319959 0.9358074222668004 
 0.012576356449874239 0.9874236435501257 
 0.32994661615291887 0.6700533838470812 

8
 0.4375 0.5625 
 0.5186878193062652 0.4813121806937348 
 0.5434782608695653 0.4565217391304348 
 0.9900876858558902 0.009912314144109799 

8
 1.8392495861688425E-4 0.999816075041383 
 9.276437847866416E-4 0.9990723562152134 
 0.9996643168848607 3.356831151393085E-4 
 0.0019455252918287932 0.9980544747081711 

8
 0.17931034482758623 0.8206896551724139 
 0.4168776371308016 0.5831223628691983 
 0.32926829268292684 0.6707317073170731 
 0.6806104129263914 0.3193895870736086 

8
 0.9996681048788583 3.318951211417193E-4 
 3.9541320680110733E-4 0.999604586793199 
 0.9995979091274629 4.0209087253719345E-4 
 5.053057099545227E-4 0.9994946942900454 

8
 0.26203630623520124 0.7379636937647989 
 0.1437371663244353 0.8562628336755647 
 0.972871137905049 0.027128862094951012 
 0.6561014263074485 0.34389857369255145 

8
 0.14583333333333337 0.8541666666666667 
 0.523277787321766 0.47672221267823395 
 0.35668789808917195 0.643312101910828 
 0.14923891462607541 0.8507610853739247 

8
 0.9987389659520807 0.0012610340479192943 
 0.9996985227615315 3.014772384684956E-4 
 2.1663778162911608E-4 0.9997833622183708 
 7.800312012480502E-4 0.999219968798752 

8
 0.4522158577027434 0.5477841422972566 
 0.09836065573770489 0.9016393442622951 
 0.3026521060842434 0.6973478939157566 
 0.9952339688041595 0.0047660311958405525 

8
 0.5270880361173814 0.47291196388261847 
 0.7758620689655171 0.22413793103448276 
 0.5 0.5 
 0.8786885245901639 0.12131147540983608 

8
 4.3898156277436364E-4 0.9995610184372257 
 1.6276041666666668E-4 0.9998372395833334 
 0.9985590778097984 0.0014409221902017294 
 0.0011210762331838563 0.9988789237668161 

8
 0.9950000000000001 0.004999999999999999 
 0.0020161290322580636 0.9979838709677419 
 2.3353573096683786E-4 0.9997664642690332 
 1.988071570576541E-4 0.9998011928429423 

8
 0.33333333333333337 0.6666666666666667 
 0.005025125628140702 0.9949748743718594 
 1.755001755001755E-4 0.9998244998244998 
 0.9997565725413827 2.4342745861733215E-4 

4
 1.7768301350390905E-4 0.9998223169864962 
 0.9997714808043875 2.2851919561243152E-4 

8
 0.245772266065389 0.7542277339346111 
 0.735605843597823 0.264394156402177 
 0.1636661211129296 0.8363338788870704 
 0.4803745766088862 0.5196254233911137 

8
 2.1791239921551536E-4 0.9997820876007845 
 0.998587570621469 0.0014124293785310739 
 2.5297242600556537E-4 0.9997470275739944 
 0.9986807387862797 0.001319261213720317 

8
 3.2102728731942215E-4 0.9996789727126806 
 0.9996276991809383 3.723008190618018E-4 
 0.0010245901639344265 0.9989754098360656 
 3.095017022593624E-4 0.9996904982977406 

8
 0.5 0.5 
 0.5 0.5 
 0.733823265818247 0.266176734181753 
 0.9744632768361583 0.025536723163841802 

8
 0.0070802427511800405 0.99291975724882 
 0.6869070208728651 0.31309297912713474 
 0.858691657478868 0.14130834252113192 
 0.005591798695246968 0.9944082013047532 

8
 0.826354941551541 0.1736450584484591 
 0.7642222952975994 0.23577770470240053 
 0.11632390745501286 0.8836760925449872 
 0.8286118980169972 0.17138810198300283 

8
 0.9993065187239945 6.93481276005548E-4 
 6.988120195667363E-4 0.9993011879804332 
 2.814522938361948E-4 0.9997185477061639 
 2.791736460078168E-4 0.9997208263539923 

8
 0.40628465804066544 0.5937153419593346 
 0.09692757863935626 0.9030724213606437 
 0.0034642032332563508 0.9965357967667438 
 0.4074074074074074 0.5925925925925926 

8
 0.5 0.5 
 4.599816007359708E-4 0.9995400183992641 
 0.5 0.5 
 1.2771392081736908E-4 0.9998722860791827 

8
 0.6388036809815951 0.3611963190184049 
 0.861111111111111 0.13888888888888887 
 0.5 0.5 
 0.5 0.5 

8
 4.6403712296983775E-4 0.9995359628770301 
 0.9998113919275746 1.8860807242549986E-4 
 8.503401360544216E-4 0.9991496598639457 
 0.9992727272727273 7.27272727272727E-4 

8
 0.8167870036101084 0.1832129963898917 
 0.2779510022271715 0.7220489977728285 
 0.28793774319066145 0.7120622568093384 
 0.0022771633051398826 0.9977228366948601 

8
 0.9995034756703077 4.965243296921548E-4 
 4.3271311120726946E-4 0.9995672868887927 
 2.637130801687764E-4 0.9997362869198313 
 5.28820729772607E-4 0.9994711792702273 

8
 9.569377990430618E-4 0.9990430622009571 
 0.9989701338825953 0.0010298661174047378 
 2.4378352023403228E-4 0.9997562164797661 
 0.9997429305912596 2.570694087403599E-4 

8
 0.999404761904762 5.952380952380953E-4 
 0.9996856334486012 3.1436655139893097E-4 
 5.567928730512247E-4 0.9994432071269489 
 2.984183825723665E-4 0.9997015816174275 

8
 0.16016971625563511 0.8398302837443649 
 0.555045871559633 0.44495412844036697 
 0.1930541368743616 0.8069458631256384 
 0.5223395613322502 0.47766043866774976 

8
 0.13291139240506328 0.8670886075949368 
 0.8737373737373737 0.12626262626262627 
 0.5895671074080783 0.4104328925919217 
 0.8217136774880256 0.17828632251197446 

8
 3.483106931382792E-4 0.9996516893068617 
 0.9997854997854998 2.1450021450021448E-4 
 0.9957446808510638 0.00425531914893617 
 0.9995535714285715 4.4642857142857147E-4 

8
 0.9995864350703061 4.1356492969396206E-4 
 3.748125937031486E-4 0.9996251874062969 
 0.9991659716430359 8.340283569641367E-4 
 2.686005909213001E-4 0.9997313994090788 

