BAYES
100
2 2 2 2 2 2 2 2 2 2 2 2 2 2 2 2 2 2 2 2 2 2 2 2 2 2 2 2 2 2 2 2 2 2 2 2 2 2 2 2 2 2 2 2 2 2 2 2 2 2 2 2 2 2 2 2 2 2 2 2 2 2 2 2 2 2 2 2 2 2 2 2 2 2 2 2 2 2 2 2 2 2 2 2 2 2 2 2 2 2 2 2 2 2 2 2 2 2 2 2 
100
6 70 19 5 54 64 0 
4 96 71 5 1 
2 60 2 
7 96 16 56 54 35 29 3 
4 70 53 93 4 
2 42 5 
3 52 2 6 
3 24 76 7 
3 83 42 8 
5 77 41 91 10 9 
3 55 22 10 
3 75 5 11 
3 28 53 12 
4 53 28 26 13 
4 44 32 61 14 
2 16 15 
3 60 65 16 
4 92 2 91 17 
3 93 82 18 
1 19 
5 0 8 81 3 20 
2 93 21 
1 22 
4 86 8 80 23 
1 24 
3 31 83 25 
1 26 
4 64 60 51 27 
3 83 14 28 
2 82 29 
4 68 44 42 30 
1 31 
2 9 32 
7 13 63 39 56 37 70 33 
3 51 42 34 
3 46 88 35 
3 61 17 36 
2 46 37 
4 35 31 18 38 
2 44 39 
3 18 34 40 
1 41 
3 92 48 42 
2 54 43 
2 2 44 
2 13 45 
3 90 92 46 
3 61 49 47 
1 48 
2 90 49 
5 52 97 25 35 50 
6 31 26 65 90 49 51 
3 91 32 52 
1 53 
5 68 58 77 24 54 
2 16 55 
2 77 56 
2 98 57 
3 5 12 58 
2 42 59 
1 60 
1 61 
3 47 41 62 
2 60 63 
7 39 56 83 18 80 54 64 
1 65 
2 53 66 
5 73 61 53 24 67 
2 16 68 
4 29 9 11 69 
2 69 70 
2 18 71 
4 7 53 25 72 
3 29 99 73 
2 85 74 
3 64 94 75 
4 92 28 82 76 
2 92 77 
4 33 76 73 78 
4 84 56 52 79 
5 24 15 44 32 80 
4 50 57 30 81 
5 15 5 32 98 82 
2 2 83 
6 86 37 15 43 67 84 
3 55 5 85 
1 86 
2 61 87 
3 77 58 88 
5 1 59 8 86 89 
2 91 90 
3 44 22 91 
1 92 
1 93 
3 17 46 94 
4 46 60 72 95 
2 6 96 
4 36 24 69 97 
4 53 87 5 98 
3 39 38 99 

64
 0.5 0.5 
 0.5 0.5 
 0.5 0.5 
 0.5 0.5 
 0.5 0.5 
 0.5 0.5 
 0.5 0.5 
 0.5 0.5 
 0.5 0.5 
 0.5 0.5 
 0.5 0.5 
 0.5 0.5 
 0.5 0.5 
 0.5 0.5 
 0.5 0.5 
 0.5 0.5 
 0.5 0.5 
 0.5 0.5 
 0.5 0.5 
 0.5 0.5 
 0.5 0.5 
 0.5 0.5 
 0.5 0.5 
 0.5 0.5 
 0.5 0.5 
 0.5 0.5 
 0.5 0.5 
 1.0E-100 1.0 
 0.5 0.5 
 0.5 0.5 
 0.5 0.5 
 0.5 0.5 

16
 0.5 0.5 
 0.5 0.5 
 1.0E-100 1.0 
 0.5 0.5 
 0.5 0.5 
 0.5 0.5 
 0.5 0.5 
 0.5 0.5 

4
 0.5 0.5 
 1.0 1.0E-100 

128
 0.5 0.5 
 0.5 0.5 
 0.5 0.5 
 0.5 0.5 
 0.5 0.5 
 0.5 0.5 
 0.5 0.5 
 0.5 0.5 
 0.5 0.5 
 0.5 0.5 
 0.5 0.5 
 0.5 0.5 
 0.5 0.5 
 0.5 0.5 
 1.0 1.0028315947217963E-100 
 0.5 0.5 
 0.5 0.5 
 0.5 0.5 
 0.5 0.5 
 0.5 0.5 
 0.5 0.5 
 0.5 0.5 
 0.5 0.5 
 0.5 0.5 
 0.5 0.5 
 0.5 0.5 
 0.5 0.5 
 0.5 0.5 
 0.5 0.5 
 0.5 0.5 
 1.0 3.5415788389591264E-98 
 0.5 0.5 
 0.5 0.5 
 0.5 0.5 
 0.5 0.5 
 0.5 0.5 
 0.5 0.5 
 0.5 0.5 
 0.5 0.5 
 0.5 0.5 
 0.5 0.5 
 0.5 0.5 
 0.5 0.5 
 0.5 0.5 
 0.5 0.5 
 0.5 0.5 
 0.5 0.5 
 0.5 0.5 
 0.5 0.5 
 0.5 0.5 
 0.5 0.5 
 0.5 0.5 
 0.5 0.5 
 0.5 0.5 
 0.5 0.5 
 0.5 0.5 
 0.5 0.5 
 0.5 0.5 
 0.5 0.5 
 0.5 0.5 
 0.5 0.5 
 0.5 0.5 
 0.5 0.5 
 0.5 0.5 

16
 0.5 0.5 
 0.5 0.5 
 0.5 0.5 
 0.5 0.5 
 0.5 0.5 
 0.5 0.5 
 0.5 0.5 
 1.0 1.0E-100 

4
 1.0 1.0E-100 
 0.5 0.5 

8
 1.0 1.0E-100 
 0.5 0.5 
 0.5 0.5 
 0.5 0.5 

8
 0.5 0.5 
 0.5 0.5 
 1.0E-100 1.0 
 0.5 0.5 

8
 0.5 0.5 
 0.5 0.5 
 1.0 1.0E-100 
 0.5 0.5 

32
 0.5 0.5 
 0.5 0.5 
 0.5 0.5 
 0.5 0.5 
 0.5 0.5 
 0.5 0.5 
 0.5 0.5 
 1.0 1.0E-100 
 0.5 0.5 
 0.5 0.5 
 0.5 0.5 
 0.5 0.5 
 0.5 0.5 
 0.5 0.5 
 0.5 0.5 
 0.5 0.5 

8
 0.5 0.5 
 0.5 0.5 
 1.0E-100 1.0 
 0.5 0.5 

8
 0.5 0.5 
 0.5 0.5 
 1.0E-100 1.0 
 0.5 0.5 

8
 0.5 0.5 
 0.5 0.5 
 0.5 0.5 
 1.0E-100 1.0 

16
 0.5 0.5 
 0.5 0.5 
 0.5 0.5 
 0.5 0.5 
 0.5 0.5 
 0.5 0.5 
 1.0 1.0E-100 
 0.5 0.5 

16
 0.5 0.5 
 1.0 1.0E-100 
 0.5 0.5 
 0.5 0.5 
 0.5 0.5 
 0.5 0.5 
 0.5 0.5 
 0.5 0.5 

4
 1.0 1.0028315947217963E-100 
 1.0 3.5415788389591264E-98 

8
 0.5 0.5 
 0.5 0.5 
 0.9971764005674545 0.0028235994325454313 
 0.5 0.5 

16
 0.5 0.5 
 1.0 1.0E-100 
 0.5 0.5 
 0.5 0.5 
 0.5 0.5 
 0.5 0.5 
 0.5 0.5 
 0.5 0.5 

8
 0.5 0.5 
 0.5 0.5 
 0.5 0.5 
 1.0E-100 1.0 

2
 1.0E-100 1.0 

32
 0.5 0.5 
 0.5 0.5 
 0.5 0.5 
 0.5 0.5 
 0.5 0.5 
 0.5 0.5 
 0.5 0.5 
 0.5 0.5 
 0.5 0.5 
 0.5 0.5 
 1.0E-100 1.0 
 0.5 0.5 
 0.5 0.5 
 0.5 0.5 
 0.5 0.5 
 0.5 0.5 

4
 0.5 0.5 
 1.0 1.0E-100 

2
 1.0 1.0E-100 

16
 0.5 0.5 
 1.0 1.0E-100 
 0.5 0.5 
 0.5 0.5 
 0.5 0.5 
 0.5 0.5 
 0.5 0.5 
 0.5 0.5 

2
 1.0E-100 1.0 

8
 0.5 0.5 
 1.0E-100 1.0 
 0.5 0.5 
 0.5 0.5 

2
 1.0 1.0E-100 

16
 0.5 0.5 
 0.5 0.5 
 0.5 0.5 
 0.5 0.5 
 0.5 0.5 
 0.5 0.5 
 0.5 0.5 
 1.0 1.0E-100 

8
 0.5 0.5 
 0.5 0.5 
 1.0E-100 1.0 
 0.5 0.5 

4
 0.5 0.5 
 1.0 1.0E-100 

16
 1.0E-100 1.0 
 0.5 0.5 
 0.5 0.5 
 0.5 0.5 
 0.5 0.5 
 0.5 0.5 
 0.5 0.5 
 0.5 0.5 

2
 1.0 1.0E-100 

4
 1.0 1.0E-100 
 0.5 0.5 

128
 0.5 0.5 
 0.5 0.5 
 0.5 0.5 
 0.5 0.5 
 0.5 0.5 
 0.5 0.5 
 0.5 0.5 
 0.5 0.5 
 0.5 0.5 
 0.5 0.5 
 0.5 0.5 
 0.5 0.5 
 0.5 0.5 
 0.5 0.5 
 0.5 0.5 
 0.09004058373744962 0.9099594162625504 
 0.5 0.5 
 0.5 0.5 
 0.5 0.5 
 0.5 0.5 
 0.5 0.5 
 0.5 0.5 
 0.5 0.5 
 0.5 0.5 
 0.5 0.5 
 0.5 0.5 
 0.5 0.5 
 0.5 0.5 
 0.5 0.5 
 0.5 0.5 
 0.5 0.5 
 0.5 0.5 
 0.5 0.5 
 0.5 0.5 
 0.5 0.5 
 0.5 0.5 
 0.5 0.5 
 0.5 0.5 
 0.5 0.5 
 0.5 0.5 
 0.5 0.5 
 0.5 0.5 
 0.5 0.5 
 0.5 0.5 
 0.5 0.5 
 0.5 0.5 
 0.5 0.5 
 0.5 0.5 
 0.5 0.5 
 0.5 0.5 
 0.5 0.5 
 0.5 0.5 
 0.5 0.5 
 0.5 0.5 
 0.5 0.5 
 0.5 0.5 
 0.5 0.5 
 0.5 0.5 
 0.5 0.5 
 0.5 0.5 
 0.5 0.5 
 0.5 0.5 
 0.5 0.5 
 0.5 0.5 

8
 0.5 0.5 
 0.5 0.5 
 1.0 1.0E-100 
 0.5 0.5 

8
 0.5 0.5 
 6.530613861824435E-99 1.0 
 0.5 0.5 
 1.0155506149410639E-100 1.0 

8
 0.5 0.5 
 0.5 0.5 
 1.0E-100 1.0 
 0.5 0.5 

4
 6.530613861824435E-99 1.0 
 1.0155506149410639E-100 1.0 

16
 0.5 0.5 
 0.5 0.5 
 0.5 0.5 
 0.5 0.5 
 0.5 0.5 
 1.0 1.0E-100 
 0.5 0.5 
 0.5 0.5 

4
 1.0E-100 1.0 
 0.5 0.5 

8
 0.5 0.5 
 0.5 0.5 
 1.0 1.0E-100 
 0.5 0.5 

2
 1.0E-100 1.0 

8
 1.0 1.0E-100 
 0.5 0.5 
 0.5 0.5 
 0.5 0.5 

4
 0.5 0.5 
 1.0E-100 1.0 

4
 1.0 1.0E-100 
 0.5 0.5 

4
 1.0 1.0E-100 
 0.5 0.5 

8
 0.5 0.5 
 0.5 0.5 
 0.015312496208750387 0.9846875037912497 
 0.5 0.5 

8
 0.5 0.5 
 0.5 0.5 
 1.0E-100 1.0 
 0.5 0.5 

2
 1.0 1.0E-100 

4
 0.5 0.5 
 1.0 1.0E-100 

32
 0.5 0.5 
 0.5 0.5 
 0.5 0.5 
 1.0 1.0E-100 
 0.5 0.5 
 0.5 0.5 
 0.5 0.5 
 0.5 0.5 
 0.5 0.5 
 0.5 0.5 
 0.5 0.5 
 0.5 0.5 
 0.5 0.5 
 0.5 0.5 
 0.5 0.5 
 0.5 0.5 

64
 0.5 0.5 
 0.5 0.5 
 1.0E-100 1.0 
 0.5 0.5 
 0.5 0.5 
 0.5 0.5 
 0.5 0.5 
 0.5 0.5 
 0.5 0.5 
 0.5 0.5 
 0.5 0.5 
 0.5 0.5 
 0.5 0.5 
 0.5 0.5 
 0.5 0.5 
 0.5 0.5 
 0.5 0.5 
 0.5 0.5 
 0.5 0.5 
 0.5 0.5 
 0.5 0.5 
 0.5 0.5 
 0.5 0.5 
 0.5 0.5 
 0.5 0.5 
 0.5 0.5 
 0.5 0.5 
 0.5 0.5 
 0.5 0.5 
 0.5 0.5 
 0.5 0.5 
 0.5 0.5 

8
 0.5 0.5 
 0.5 0.5 
 1.0 1.0E-100 
 0.5 0.5 

2
 1.0E-100 1.0 

32
 0.5 0.5 
 1.0E-100 1.0 
 0.5 0.5 
 0.5 0.5 
 0.5 0.5 
 0.5 0.5 
 0.5 0.5 
 0.5 0.5 
 0.5 0.5 
 0.5 0.5 
 0.5 0.5 
 0.5 0.5 
 0.5 0.5 
 0.5 0.5 
 0.5 0.5 
 0.5 0.5 

4
 1.0028315947217963E-100 1.0 
 3.5415788389591264E-98 1.0 

4
 1.0E-100 1.0 
 0.5 0.5 

4
 0.5 0.5 
 1.0 1.0E-100 

8
 0.5 0.5 
 1.0 1.0E-100 
 0.5 0.5 
 0.5 0.5 

4
 1.0 1.0E-100 
 0.5 0.5 

2
 1.0E-100 1.0 

2
 1.0E-100 1.0 

8
 0.5 0.5 
 0.5 0.5 
 0.5 0.5 
 0.34296677121487457 0.6570332287851254 

4
 0.5 0.5 
 1.0 1.0E-100 

128
 0.5 0.5 
 0.5 0.5 
 0.5 0.5 
 0.5 0.5 
 0.5 0.5 
 0.5 0.5 
 0.5 0.5 
 0.5 0.5 
 0.5 0.5 
 0.5 0.5 
 0.5 0.5 
 0.5 0.5 
 0.5 0.5 
 0.5 0.5 
 0.5 0.5 
 0.5 0.5 
 0.5 0.5 
 0.5 0.5 
 0.5 0.5 
 0.5 0.5 
 0.5 0.5 
 0.5 0.5 
 0.5 0.5 
 0.5 0.5 
 0.5 0.5 
 0.5 0.5 
 0.5 0.5 
 0.5 0.5 
 0.5 0.5 
 0.5 0.5 
 0.5 0.5 
 0.5 0.5 
 0.5 0.5 
 0.5 0.5 
 0.5 0.5 
 0.5 0.5 
 0.5 0.5 
 0.5 0.5 
 0.5 0.5 
 0.5 0.5 
 0.5 0.5 
 0.5 0.5 
 0.5 0.5 
 0.5 0.5 
 0.5 0.5 
 0.5 0.5 
 0.5 0.5 
 0.5 0.5 
 0.5 0.5 
 0.5 0.5 
 0.5 0.5 
 0.5 0.5 
 0.5 0.5 
 0.5 0.5 
 0.5 0.5 
 0.5 0.5 
 0.5 0.5 
 0.5 0.5 
 0.5 0.5 
 0.5 0.5 
 0.5 0.5 
 0.5 0.5 
 0.5 0.5 
 1.0E-100 1.0 

2
 1.0 1.0E-100 

4
 0.5 0.5 
 1.0 1.0E-100 

32
 0.5 0.5 
 0.5 0.5 
 0.5 0.5 
 0.5 0.5 
 0.5 0.5 
 0.5 0.5 
 0.5 0.5 
 0.5 0.5 
 0.5 0.5 
 0.5 0.5 
 0.5 0.5 
 0.5 0.5 
 0.5 0.5 
 0.5 0.5 
 0.5 0.5 
 1.0E-100 1.0 

4
 1.0 1.0028315947217963E-100 
 1.0 3.5415788389591264E-98 

16
 0.5 0.5 
 1.0E-100 1.0 
 0.5 0.5 
 0.5 0.5 
 0.5 0.5 
 0.5 0.5 
 0.5 0.5 
 0.5 0.5 

4
 0.5 0.5 
 1.0E-100 1.0 

4
 0.5 0.5 
 1.0E-100 1.0 

16
 0.5 0.5 
 0.5 0.5 
 0.5 0.5 
 0.5 0.5 
 0.5 0.5 
 0.5 0.5 
 0.5 0.5 
 1.0 1.0E-100 

8
 1.0E-100 1.0 
 0.5 0.5 
 0.5 0.5 
 0.5 0.5 

4
 0.5 0.5 
 1.0 1.0E-100 

8
 0.5 0.5 
 0.5 0.5 
 5.633143451948379E-100 1.0 
 1.2158361834403181E-100 1.0 

16
 0.5 0.5 
 0.5 0.5 
 0.5 0.5 
 1.0 1.0E-100 
 0.5 0.5 
 0.5 0.5 
 0.5 0.5 
 0.5 0.5 

4
 1.0 1.0E-100 
 0.5 0.5 

16
 0.5 0.5 
 1.1106103031449778E-99 1.0 
 0.5 0.5 
 0.5 0.5 
 0.5 0.5 
 1.0989501093436186E-100 1.0 
 0.5 0.5 
 0.5 0.5 

16
 0.5 0.5 
 0.5 0.5 
 0.5 0.5 
 0.5 0.5 
 0.5 0.5 
 0.5 0.5 
 1.0E-100 1.0 
 0.5 0.5 

32
 0.5 0.5 
 0.5 0.5 
 0.5 0.5 
 0.5 0.5 
 0.5 0.5 
 0.5 0.5 
 0.5 0.5 
 0.5 0.5 
 1.0E-100 1.0 
 0.5 0.5 
 0.5 0.5 
 0.5 0.5 
 0.5 0.5 
 0.5 0.5 
 0.5 0.5 
 0.5 0.5 

16
 0.5 0.5 
 1.0E-100 1.0 
 0.5 0.5 
 0.5 0.5 
 0.5 0.5 
 0.5 0.5 
 0.5 0.5 
 0.5 0.5 

32
 0.5 0.5 
 1.0E-100 1.0 
 0.5 0.5 
 0.5 0.5 
 0.5 0.5 
 0.5 0.5 
 0.5 0.5 
 0.5 0.5 
 0.5 0.5 
 0.5 0.5 
 0.5 0.5 
 0.5 0.5 
 0.5 0.5 
 0.5 0.5 
 0.5 0.5 
 0.5 0.5 

4
 1.0E-100 1.0 
 0.5 0.5 

64
 0.5 0.5 
 0.5 0.5 
 0.5 0.5 
 0.5 0.5 
 0.5 0.5 
 0.5 0.5 
 0.5 0.5 
 0.5 0.5 
 0.5 0.5 
 0.5 0.5 
 0.5 0.5 
 1.0E-100 1.0 
 0.5 0.5 
 0.5 0.5 
 0.5 0.5 
 0.5 0.5 
 0.5 0.5 
 0.5 0.5 
 0.5 0.5 
 0.5 0.5 
 0.5 0.5 
 0.5 0.5 
 0.5 0.5 
 0.5 0.5 
 0.5 0.5 
 0.5 0.5 
 0.5 0.5 
 0.5 0.5 
 0.5 0.5 
 0.5 0.5 
 0.5 0.5 
 0.5 0.5 

8
 0.5 0.5 
 0.5 0.5 
 1.0E-100 1.0 
 0.5 0.5 

2
 1.0 1.0E-100 

4
 0.5 0.5 
 1.0 1.0E-100 

8
 1.0E-100 1.0 
 0.5 0.5 
 0.5 0.5 
 0.5 0.5 

32
 0.5 0.5 
 0.5 0.5 
 0.5 0.5 
 0.5 0.5 
 0.5 0.5 
 0.5 0.5 
 0.5 0.5 
 0.5 0.5 
 1.0E-100 1.0 
 0.5 0.5 
 0.5 0.5 
 0.5 0.5 
 0.5 0.5 
 0.5 0.5 
 0.5 0.5 
 0.5 0.5 

4
 0.5 0.5 
 1.0E-100 1.0 

8
 1.0E-100 1.0 
 0.5 0.5 
 0.5 0.5 
 0.5 0.5 

2
 1.0 1.0E-100 

2
 1.0E-100 1.0 

8
 0.9910699031140413 0.008930096885958694 
 0.16486958734581264 0.8351304126541874 
 0.5 0.5 
 0.5 0.5 

16
 0.5 0.5 
 0.5 0.5 
 6.530613861824435E-99 1.0 
 0.5 0.5 
 0.5 0.5 
 0.5 0.5 
 1.0155506149410639E-100 1.0 
 0.5 0.5 

4
 1.0 1.0E-100 
 0.5 0.5 

16
 0.5 0.5 
 0.5 0.5 
 0.5 0.5 
 0.5 0.5 
 0.5 0.5 
 0.5 0.5 
 0.5 0.5 
 1.0 1.0E-100 

16
 0.5 0.5 
 0.5 0.5 
 0.5 0.5 
 0.5 0.5 
 1.0E-100 1.0 
 0.5 0.5 
 0.5 0.5 
 0.5 0.5 

8
 0.5 0.5 
 0.5 0.5 
 1.0 1.0E-100 
 0.5 0.5 

