BAYES
100
2 2 2 2 2 2 2 2 2 2 2 2 2 2 2 2 2 2 2 2 2 2 2 2 2 2 2 2 2 2 2 2 2 2 2 2 2 2 2 2 2 2 2 2 2 2 2 2 2 2 2 2 2 2 2 2 2 2 2 2 2 2 2 2 2 2 2 2 2 2 2 2 2 2 2 2 2 2 2 2 2 2 2 2 2 2 2 2 2 2 2 2 2 2 2 2 2 2 2 2 
100
6 70 19 5 54 64 0 
4 96 71 5 1 
2 60 2 
7 96 16 56 54 35 29 3 
4 70 53 93 4 
2 42 5 
3 52 2 6 
3 24 76 7 
3 83 42 8 
5 77 41 91 10 9 
3 55 22 10 
3 75 5 11 
3 28 53 12 
4 53 28 26 13 
4 44 32 61 14 
2 16 15 
3 60 65 16 
4 92 2 91 17 
3 93 82 18 
1 19 
5 0 8 81 3 20 
2 93 21 
1 22 
4 86 8 80 23 
1 24 
3 31 83 25 
1 26 
4 64 60 51 27 
3 83 14 28 
2 82 29 
4 68 44 42 30 
1 31 
2 9 32 
7 13 63 39 56 37 70 33 
3 51 42 34 
3 46 88 35 
3 61 17 36 
2 46 37 
4 35 31 18 38 
2 44 39 
3 18 34 40 
1 41 
3 92 48 42 
2 54 43 
2 2 44 
2 13 45 
3 90 92 46 
3 61 49 47 
1 48 
2 90 49 
5 52 97 25 35 50 
6 31 26 65 90 49 51 
3 91 32 52 
1 53 
5 68 58 77 24 54 
2 16 55 
2 77 56 
2 98 57 
3 5 12 58 
2 42 59 
1 60 
1 61 
3 47 41 62 
2 60 63 
7 39 56 83 18 80 54 64 
1 65 
2 53 66 
5 73 61 53 24 67 
2 16 68 
4 29 9 11 69 
2 69 70 
2 18 71 
4 7 53 25 72 
3 29 99 73 
2 85 74 
3 64 94 75 
4 92 28 82 76 
2 92 77 
4 33 76 73 78 
4 84 56 52 79 
5 24 15 44 32 80 
4 50 57 30 81 
5 15 5 32 98 82 
2 2 83 
6 86 37 15 43 67 84 
3 55 5 85 
1 86 
2 61 87 
3 77 58 88 
5 1 59 8 86 89 
2 91 90 
3 44 22 91 
1 92 
1 93 
3 17 46 94 
4 46 60 72 95 
2 6 96 
4 36 24 69 97 
4 53 87 5 98 
3 39 38 99 

64
 0.6992187500000001 0.30078124999999994 
 0.6217616580310881 0.37823834196891193 
 0.5654008438818565 0.4345991561181435 
 0.85431654676259 0.14568345323741005 
 0.837092731829574 0.16290726817042606 
 0.8560411311053985 0.14395886889460155 
 0.4702842377260982 0.5297157622739018 
 0.6060606060606061 0.3939393939393939 
 0.2969101698383466 0.7030898301616535 
 0.8378443692605123 0.1621556307394877 
 0.1213507625272331 0.8786492374727669 
 0.5690088881435519 0.4309911118564481 
 0.1381301354652454 0.8618698645347544 
 0.4721095334685599 0.5278904665314401 
 0.255952380952381 0.7440476190476191 
 0.6164356435643564 0.38356435643564357 
 0.3274853801169591 0.672514619883041 
 0.3762711864406779 0.6237288135593221 
 0.8343108504398826 0.1656891495601173 
 0.9566265060240963 0.04337349397590361 
 0.32814930015552096 0.671850699844479 
 0.04804270462633453 0.9519572953736656 
 0.6841085271317829 0.31589147286821706 
 0.5476529160739687 0.45234708392603123 
 0.32992864138799494 0.6700713586120051 
 0.5097779250911502 0.49022207490884984 
 0.07715177642336851 0.9228482235766314 
 0.42818305391934747 0.5718169460806525 
 0.20051143200962696 0.799488567990373 
 0.2816031073446328 0.7183968926553672 
 0.6612058773855767 0.3387941226144232 
 0.4832678498848395 0.5167321501151606 

16
 0.3737154315314562 0.6262845684685436 
 0.4117367319764124 0.5882632680235876 
 0.03377329192546585 0.9662267080745341 
 0.34005738631423355 0.6599426136857665 
 0.07160953800298064 0.9283904619970194 
 0.6814136791253497 0.31858632087465044 
 0.3424499491007804 0.6575500508992196 
 0.5025761479011972 0.4974238520988028 

4
 0.5559255464480874 0.44407445355191255 
 0.8926612692609036 0.10733873073909636 

128
 0.3377609108159393 0.6622390891840608 
 0.5266666666666666 0.47333333333333333 
 0.40034364261168387 0.5996563573883161 
 0.5971223021582734 0.40287769784172667 
 0.3473193473193473 0.6526806526806528 
 0.8414634146341464 0.1585365853658537 
 0.924944812362031 0.0750551876379691 
 0.518957345971564 0.48104265402843605 
 0.3075 0.6924999999999999 
 0.9447415329768271 0.0552584670231729 
 0.3242271746944644 0.6757728253055355 
 0.4385758998435055 0.5614241001564946 
 0.5021616228799468 0.4978383771200532 
 0.1437125748502994 0.8562874251497006 
 0.5356083086053413 0.46439169139465875 
 0.6054674316571043 0.3945325683428957 
 0.6712707182320441 0.3287292817679558 
 0.22965116279069767 0.7703488372093024 
 0.651685393258427 0.34831460674157305 
 0.5532407407407407 0.4467592592592593 
 0.6565656565656566 0.3434343434343434 
 0.5070028011204482 0.4929971988795518 
 0.5160493827160494 0.4839506172839506 
 0.19686800894854586 0.8031319910514543 
 0.6413461538461539 0.35865384615384616 
 0.4097108565193671 0.5902891434806328 
 0.4353595890410959 0.5646404109589042 
 0.24975272007912955 0.7502472799208706 
 0.7809357236554437 0.2190642763445562 
 0.3897529734675206 0.6102470265324794 
 0.8310836868492095 0.16891631315079056 
 0.5151632970451011 0.4848367029548989 
 0.25682182985553775 0.7431781701444622 
 0.5631768953068592 0.4368231046931408 
 0.1461434370771313 0.8538565629228687 
 0.730225988700565 0.269774011299435 
 0.6849894291754757 0.3150105708245243 
 0.004494382022471911 0.9955056179775281 
 0.6274509803921569 0.37254901960784315 
 0.8934579439252336 0.10654205607476637 
 0.6033619456366238 0.3966380543633763 
 0.9099099099099098 0.09009009009009011 
 0.29561703450419646 0.7043829654958036 
 0.2642140468227424 0.7357859531772575 
 0.5615384615384615 0.43846153846153846 
 0.5431632010081916 0.45683679899180846 
 0.48779193205944793 0.512208067940552 
 0.28369815668202764 0.7163018433179723 
 0.14146341463414633 0.8585365853658536 
 0.5555555555555556 0.4444444444444445 
 0.36435643564356435 0.6356435643564357 
 0.48571428571428577 0.5142857142857143 
 0.6460396039603961 0.35396039603960394 
 0.2967914438502674 0.7032085561497327 
 0.2844827586206896 0.7155172413793103 
 0.5599078341013825 0.4400921658986175 
 0.17956939990838294 0.8204306000916171 
 0.43442223305704536 0.5655777669429547 
 0.24406130268199236 0.7559386973180077 
 0.1772315653298836 0.8227684346701165 
 0.5440060698027314 0.4559939301972686 
 0.677379480840544 0.32262051915945616 
 0.5319829424307037 0.4680170575692964 
 0.4639605462822458 0.5360394537177542 

16
 0.29027809698919793 0.7097219030108022 
 0.29285999202233753 0.7071400079776625 
 0.298354600402955 0.701645399597045 
 0.835355482481007 0.16464451751899312 
 0.6528912381867693 0.34710876181323086 
 0.7915182907089673 0.2084817092910327 
 0.7775399864834422 0.2224600135165578 
 0.554460801360071 0.44553919863992886 

4
 0.8766157241998541 0.12338427580014591 
 0.13180792781179504 0.8681920721882049 

8
 0.9680146624098379 0.031985337590162005 
 0.4281601674954201 0.5718398325045799 
 0.9808646648162167 0.01913533518378333 
 0.49362593334547444 0.5063740666545257 

8
 0.3613325740318907 0.6386674259681093 
 0.2955161369795516 0.7044838630204484 
 0.7419272884327125 0.25807271156728734 
 0.4732886495989452 0.5267113504010549 

8
 0.7829969278474834 0.21700307215251657 
 0.49304823405376913 0.5069517659462309 
 0.5657471017604122 0.4342528982395877 
 0.2588453226304415 0.7411546773695585 

32
 0.5815079548074705 0.41849204519252936 
 0.25950838731107795 0.7404916126889222 
 0.2505046797577537 0.7494953202422463 
 0.3590453693899161 0.640954630610084 
 0.8355132778438368 0.16448672215616333 
 0.7553848471155293 0.24461515288447058 
 0.3348519362186788 0.6651480637813212 
 0.637038114634856 0.36296188536514407 
 0.6794071762870515 0.3205928237129485 
 0.18158688277421786 0.8184131172257822 
 0.7238095238095239 0.2761904761904762 
 0.13398419339841933 0.8660158066015806 
 4.65332712889716E-4 0.9995346672871104 
 0.4653262906798432 0.5346737093201568 
 0.3623887240356083 0.6376112759643916 
 0.029863058901171427 0.9701369410988285 

8
 0.36312554872695346 0.6368744512730465 
 0.5641658440276407 0.4358341559723593 
 0.22104157573112176 0.7789584242688783 
 0.5577560240963855 0.4422439759036144 

8
 0.37913925539343596 0.620860744606564 
 0.25156315131304713 0.7484368486869529 
 0.29886394478694117 0.7011360552130588 
 0.5883656269006865 0.41163437309931356 

8
 0.4188382049791215 0.5811617950208785 
 0.7325718189063033 0.2674281810936966 
 0.9335971855760774 0.06640281442392261 
 0.09828739296206013 0.9017126070379399 

16
 0.5711040884850879 0.42889591151491213 
 0.5320068220579874 0.4679931779420125 
 0.6776784235800629 0.3223215764199371 
 0.2885408852213053 0.7114591147786947 
 0.6912902059992772 0.3087097940007228 
 0.6989135644671673 0.3010864355328327 
 0.5767968108805253 0.42320318911947474 
 0.21476375317895863 0.7852362468210413 

16
 0.5134735568846179 0.48652644311538207 
 0.49877227044312467 0.5012277295568752 
 0.41646291768541155 0.5835370823145885 
 0.39512344866903476 0.6048765513309652 
 0.30864589955499044 0.6913541004450096 
 0.9373901284651791 0.06260987153482081 
 0.686029764762362 0.313970235237638 
 0.08134757600657352 0.9186524239934265 

4
 0.9517185821697101 0.04828141783029001 
 0.4715929684668358 0.5284070315331642 

8
 0.19443727413526074 0.8055627258647393 
 0.14501891551071883 0.8549810844892812 
 0.9574813436528831 0.042518656347116934 
 0.12769059586386833 0.8723094041361317 

16
 0.4262957458666171 0.5737042541333829 
 0.6245345016429353 0.3754654983570646 
 0.49568148304192117 0.5043185169580788 
 0.5500367917586461 0.44996320824135394 
 0.9097331240188383 0.09026687598116168 
 0.08939828080229228 0.9106017191977076 
 0.881869542886492 0.11813045711350796 
 0.5315315315315317 0.4684684684684685 

8
 0.2203986810551559 0.7796013189448441 
 0.24900662251655628 0.7509933774834437 
 0.3747981442083408 0.6252018557916592 
 0.639088021140817 0.360911978859183 

2
 0.0874382512349754 0.9125617487650247 

32
 0.9305959302325582 0.06940406976744187 
 0.5086540077297933 0.49134599227020664 
 0.11686938127974615 0.8831306187202538 
 0.30499675535366644 0.6950032446463336 
 0.489990234375 0.510009765625 
 0.5080831408775981 0.4919168591224018 
 0.6226118228815465 0.3773881771184536 
 0.879631612765046 0.12036838723495392 
 0.25025380710659895 0.749746192893401 
 0.33587962962962964 0.6641203703703704 
 0.06837192386955997 0.93162807613044 
 0.781390134529148 0.21860986547085198 
 0.3698489010989011 0.630151098901099 
 0.4601566098572087 0.5398433901427914 
 0.48487299789678046 0.5151270021032195 
 0.5561596794963514 0.4438403205036486 

4
 0.19782078514672333 0.8021792148532766 
 0.7196642621544074 0.28033573784559274 

2
 0.8469730605387898 0.15302693946121082 

16
 0.5838526392961877 0.41614736070381225 
 0.6156020350480498 0.3843979649519503 
 0.22454024721133553 0.7754597527886644 
 0.4864986498649865 0.5135013501350135 
 0.06811145510835914 0.9318885448916409 
 0.46348670325031666 0.5365132967496835 
 0.4530931339225017 0.5469068660774983 
 0.4891984081864696 0.5108015918135305 

2
 0.15138697226055492 0.8486130277394455 

8
 0.9887698836571495 0.011230116342850545 
 0.38378964489021417 0.6162103551097858 
 0.5354266256302797 0.4645733743697204 
 0.25473080209986576 0.7452691979001342 

2
 0.5308893822123565 0.4691106177876442 

16
 0.2959789057350033 0.7040210942649967 
 0.07732156561780507 0.922678434382195 
 0.5152054591306928 0.4847945408693072 
 0.5862109397901155 0.4137890602098845 
 0.3845562221196739 0.6154437778803261 
 0.2196848999822978 0.7803151000177022 
 0.5331635059911313 0.4668364940088688 
 0.9007620941020542 0.09923790589794569 

8
 0.7573522337320804 0.24264776626791953 
 0.4528235294117647 0.5471764705882353 
 0.2729986269476449 0.7270013730523551 
 0.09327284797521573 0.9067271520247843 

4
 0.3756279247445325 0.6243720752554675 
 0.678062498688325 0.321937501311675 

16
 0.5890534807705682 0.4109465192294318 
 0.4986222594944292 0.5013777405055709 
 0.8293846940514744 0.17061530594852564 
 0.5306838106370544 0.4693161893629456 
 0.10077519379844961 0.8992248062015504 
 0.23844773441004938 0.7615522655899507 
 0.5993121238177128 0.4006878761822872 
 0.5251415251415251 0.4748584748584749 

2
 0.5307993840123193 0.4692006159876796 

4
 0.6858781900064337 0.3141218099935663 
 0.5558851674641149 0.44411483253588513 

128
 0.40133779264214053 0.5986622073578596 
 0.48031496062992124 0.5196850393700787 
 0.4119718309859155 0.5880281690140845 
 0.5282555282555282 0.47174447174447187 
 0.5254813137032842 0.47451868629671573 
 0.40075187969924814 0.5992481203007519 
 0.776019476567255 0.223980523432745 
 0.6152882205513784 0.38471177944862156 
 0.42130365659777425 0.5786963434022258 
 0.3187686196623635 0.6812313803376365 
 0.2609427609427609 0.7390572390572391 
 0.14510278113663846 0.8548972188633615 
 0.6084794556398848 0.3915205443601151 
 9.214891264283082E-4 0.9990785108735718 
 0.06634930080333233 0.9336506991966677 
 0.18206075533661745 0.8179392446633825 
 0.5829383886255924 0.41706161137440756 
 0.7103064066852368 0.28969359331476324 
 0.538860103626943 0.46113989637305697 
 0.39518900343642616 0.604810996563574 
 0.355359765051395 0.6446402349486049 
 0.7750263435194942 0.22497365648050577 
 0.6121930567315834 0.3878069432684166 
 0.267162471395881 0.7328375286041191 
 0.7689243027888446 0.23107569721115537 
 0.2931034482758621 0.7068965517241379 
 0.5638766519823788 0.4361233480176211 
 0.4453125 0.5546875 
 0.36203737632832544 0.6379626236716747 
 0.2268188302425107 0.7731811697574892 
 0.5849436392914654 0.4150563607085347 
 0.4898346435348333 0.5101653564651667 
 0.8518518518518519 0.14814814814814814 
 0.029885057471264374 0.9701149425287356 
 0.1552346570397112 0.8447653429602888 
 0.6494565217391304 0.3505434782608695 
 0.5497220506485484 0.45027794935145143 
 0.807075277663513 0.19292472233648705 
 0.30007127583749105 0.6999287241625088 
 0.25239463601532575 0.7476053639846744 
 0.3745980707395498 0.6254019292604501 
 0.47877358490566035 0.5212264150943396 
 0.26043737574552683 0.7395626242544733 
 0.8290816326530612 0.17091836734693877 
 0.7352304361274358 0.26476956387256423 
 0.1828737300435414 0.8171262699564587 
 0.09164693946567468 0.9083530605343253 
 0.38170203057266716 0.6182979694273328 
 0.7204301075268817 0.27956989247311825 
 0.4440677966101695 0.5559322033898305 
 0.04812834224598931 0.9518716577540107 
 0.785425101214575 0.21457489878542513 
 0.5693739424703892 0.4306260575296108 
 0.2546189376443418 0.7453810623556583 
 0.5337301587301587 0.4662698412698413 
 0.2302587923025879 0.769741207697412 
 0.49543378995433784 0.504566210045662 
 0.8015625000000001 0.19843750000000002 
 0.6009501187648456 0.3990498812351544 
 0.21241830065359477 0.7875816993464053 
 0.9774127310061602 0.022587268993839834 
 0.4888028753110313 0.5111971246889687 
 0.9106822262118492 0.08931777378815081 
 0.26410906785034877 0.7358909321496512 

8
 0.7265047135605511 0.27349528643944887 
 0.49212300234795125 0.5078769976520489 
 0.9220663807426297 0.07793361925737029 
 0.41373318107343227 0.5862668189265676 

8
 0.3270316027088036 0.6729683972911964 
 0.588293204320432 0.4117067956795679 
 0.8162128712871287 0.18378712871287128 
 0.19954870572207084 0.8004512942779292 

8
 0.8305516626321824 0.1694483373678175 
 0.859814398200225 0.14018560179977502 
 0.2451586655817738 0.7548413344182262 
 0.15980250481695568 0.8401974951830442 

4
 0.5526690745220186 0.44733092547798137 
 0.4923321394339909 0.5076678605660092 

16
 0.2951977401129944 0.7048022598870056 
 0.7082313448492902 0.2917686551507098 
 0.1752307046979866 0.8247692953020134 
 0.4982334992773407 0.5017665007226595 
 0.463320779433437 0.5366792205665629 
 0.4137887809464119 0.5862112190535882 
 0.52651307368806 0.47348692631194 
 0.22799999999999998 0.7719999999999999 

4
 0.3854552946023898 0.6145447053976102 
 0.03568569141027107 0.9643143085897289 

8
 0.2991846489070078 0.7008153510929922 
 0.6571717171717172 0.3428282828282828 
 0.7528212100611829 0.24717878993881717 
 0.827136333985649 0.17286366601435096 

2
 0.6413171736565269 0.3586828263434737 

8
 0.7357291181082342 0.2642708818917659 
 0.7904263227641488 0.2095736772358512 
 0.5091355750038384 0.4908644249961615 
 0.06543785909844602 0.9345621409015539 

4
 0.9677707006369426 0.03222929936305733 
 0.06226372296990777 0.9377362770300923 

4
 0.853321373276646 0.14667862672335408 
 0.702019117173236 0.29798088282676405 

4
 0.7800259989826485 0.21997400101735148 
 0.920170484816196 0.07982951518380396 

8
 0.598444946074743 0.4015550539252571 
 0.6441083994609973 0.3558916005390029 
 0.6128387955843821 0.38716120441561785 
 0.5864717861469853 0.41352821385301475 

8
 0.9051048020914554 0.0948951979085447 
 0.4527651188570021 0.5472348811429979 
 0.07387862796833772 0.9261213720316622 
 0.7916072089213043 0.20839279107869563 

2
 0.4313213735725289 0.5686786264274712 

4
 0.8785065865811208 0.12149341341887925 
 0.7040760137312103 0.2959239862687895 

32
 0.04747386759581881 0.9525261324041813 
 0.09606598984771576 0.9039340101522843 
 0.2708136234626301 0.7291863765373698 
 0.5987771452667089 0.4012228547332911 
 0.42240215924426444 0.5775978407557355 
 0.13071219175719953 0.8692878082428005 
 0.7734962406015038 0.22650375939849626 
 0.26255259467040676 0.7374474053295933 
 0.5721408221408222 0.4278591778591779 
 0.4364537547928551 0.5635462452071449 
 0.6014504975543936 0.3985495024456064 
 0.8976757783949716 0.10232422160502849 
 0.4248921063622441 0.5751078936377558 
 0.14329884647401595 0.8567011535259841 
 0.45872378402498887 0.5412762159750112 
 0.7832208293153327 0.21677917068466732 

64
 0.2090490155006284 0.7909509844993716 
 0.6967930029154519 0.3032069970845481 
 0.07187444266095953 0.9281255573390406 
 0.34942332336608284 0.6505766766339172 
 0.14025356576862125 0.8597464342313789 
 0.4550561797752809 0.5449438202247191 
 0.5212856898615148 0.4787143101384852 
 0.5898637137989778 0.41013628620102216 
 0.9487547892720306 0.05124521072796935 
 0.6297709923664122 0.3702290076335878 
 0.8932362754018806 0.10676372459811949 
 0.5327036599763872 0.46729634002361276 
 0.11234911792014857 0.8876508820798514 
 0.5103448275862069 0.4896551724137931 
 0.6903573567578358 0.3096426432421642 
 0.36507936507936506 0.6349206349206349 
 0.7757719714964371 0.2242280285035629 
 0.28852459016393445 0.7114754098360656 
 0.36 0.64 
 0.5770348837209303 0.42296511627906974 
 0.8037974683544303 0.1962025316455696 
 0.8597560975609757 0.1402439024390244 
 0.557367501456028 0.442632498543972 
 0.18408662900188322 0.8159133709981168 
 0.6098726114649682 0.3901273885350318 
 0.43445692883895126 0.5655430711610487 
 0.8341124159160871 0.1658875840839129 
 0.5 0.5 
 0.7830092118730809 0.21699078812691916 
 0.31297709923664124 0.6870229007633588 
 0.8946067415730338 0.10539325842696627 
 0.699685534591195 0.300314465408805 

8
 0.3868518265152552 0.6131481734847448 
 0.6331184399808194 0.36688156001918054 
 0.5577132602704609 0.44228673972953925 
 0.041977208251190085 0.9580227917488098 

2
 0.4165516689666205 0.5834483310333799 

32
 0.7170464378425151 0.2829535621574849 
 0.3345139292699688 0.6654860707300312 
 0.5951742627345844 0.4048257372654156 
 0.45220110940634956 0.5477988905936504 
 0.9955207166853303 0.004479283314669655 
 0.9585712902913561 0.04142870970864389 
 0.4109931292941912 0.5890068707058088 
 0.0049002849002849 0.9950997150997152 
 0.14892443463872035 0.8510755653612796 
 0.6233640329617063 0.3766359670382938 
 0.6636798088410991 0.3363201911589008 
 0.4372701708847069 0.5627298291152931 
 0.6954261954261955 0.30457380457380456 
 0.3370087142094967 0.6629912857905033 
 0.3886966551326413 0.6113033448673587 
 0.3648677248677249 0.6351322751322751 

4
 0.19985678481919084 0.8001432151808091 
 0.050969554186299386 0.9490304458137006 

4
 0.24484962406015037 0.7551503759398497 
 0.04273139047944619 0.9572686095205538 

4
 0.8253488068848611 0.17465119311513888 
 0.902398676592225 0.09760132340777503 

8
 0.48211212420813654 0.5178878757918635 
 0.9103577128177183 0.08964228718228173 
 0.2645509179221207 0.7354490820778792 
 0.9848111296997446 0.015188870300255349 

4
 0.6022559344544416 0.3977440655455583 
 0.5345149854979052 0.4654850145020948 

2
 0.23422531549369008 0.7657746845063097 

2
 0.29918401631967406 0.7008159836803263 

8
 0.795993518927677 0.2040064810723229 
 0.795830002664535 0.20416999733546498 
 0.40173066522444567 0.5982693347755543 
 0.3053211888782359 0.6946788111217641 

4
 0.1746072404371585 0.8253927595628415 
 0.6978845651606164 0.3021154348393836 

128
 0.7333333333333333 0.26666666666666666 
 0.5747126436781609 0.4252873563218391 
 0.8411633109619687 0.15883668903803133 
 0.021798365122615803 0.9782016348773841 
 0.35460992907801414 0.6453900709219859 
 0.6820809248554913 0.3179190751445087 
 0.3807763401109057 0.6192236598890942 
 0.4635761589403974 0.5364238410596026 
 0.5748502994011976 0.4251497005988024 
 0.4397163120567376 0.5602836879432624 
 0.7923728813559323 0.2076271186440678 
 0.441747572815534 0.558252427184466 
 0.586046511627907 0.413953488372093 
 0.6923076923076922 0.30769230769230765 
 0.5742574257425742 0.4257425742574258 
 0.7014925373134329 0.29850746268656714 
 0.43396226415094347 0.5660377358490566 
 0.22043628013777267 0.7795637198622273 
 0.6639462313970235 0.3360537686029764 
 0.5453061224489796 0.4546938775510204 
 0.2928205128205128 0.7071794871794872 
 0.5944798301486199 0.40552016985138006 
 0.6462585034013606 0.3537414965986394 
 0.4076633165829145 0.5923366834170855 
 0.4763729246487867 0.5236270753512133 
 0.4041394335511983 0.5958605664488018 
 0.327708703374778 0.672291296625222 
 0.3239656518345043 0.6760343481654957 
 0.4188432835820895 0.5811567164179104 
 0.3277310924369748 0.6722689075630253 
 0.22608079376328843 0.7739192062367115 
 0.5340583858042358 0.4659416141957642 
 0.5430183356840621 0.45698166431593795 
 0.40456769983686786 0.5954323001631321 
 0.38190954773869346 0.6180904522613065 
 0.9213483146067415 0.07865168539325844 
 0.008519701810436637 0.9914802981895634 
 0.44523809523809516 0.5547619047619048 
 0.03164556962025316 0.9683544303797469 
 0.5096774193548387 0.4903225806451613 
 0.5549738219895288 0.44502617801047123 
 0.6780185758513932 0.32198142414860687 
 0.40825688073394495 0.591743119266055 
 0.3013698630136986 0.6986301369863015 
 0.6787003610108303 0.3212996389891697 
 0.5055187637969095 0.49448123620309054 
 0.43529411764705883 0.5647058823529412 
 0.5883424408014571 0.4116575591985428 
 0.7699475829935934 0.23005241700640652 
 0.32740301457870025 0.6725969854212998 
 0.30012610340479196 0.699873896595208 
 0.6561580496006726 0.34384195039932747 
 0.5442680008701327 0.4557319991298673 
 0.8649812734082398 0.13501872659176029 
 0.7487733071638862 0.2512266928361138 
 0.08130214297398985 0.9186978570260101 
 0.6653824986241057 0.33461750137589436 
 0.3473684210526316 0.6526315789473685 
 0.7119360902255639 0.2880639097744361 
 0.7751083103584089 0.22489168964159123 
 0.5941801022414471 0.40581989775855287 
 0.08454706927175842 0.9154529307282415 
 0.673335758457621 0.32666424154237905 
 0.12038774233896185 0.8796122576610381 

2
 0.6601067978640424 0.339893202135957 

4
 0.489233502172504 0.510766497827496 
 0.6431693146177181 0.35683068538228185 

32
 0.07108433734939759 0.9289156626506024 
 0.5845021844102092 0.41549781558979076 
 0.12255772646536413 0.8774422735346359 
 0.6694094869312681 0.3305905130687319 
 0.3143322475570033 0.6856677524429967 
 0.6573535118354676 0.3426464881645324 
 0.39132119333591625 0.6086788066640836 
 0.06433748119786681 0.9356625188021332 
 0.5383903792784459 0.4616096207215541 
 0.2931230694196066 0.7068769305803935 
 0.31700860357379224 0.6829913964262078 
 0.3752302025782689 0.6247697974217311 
 0.07184693479109723 0.9281530652089027 
 0.39329163516392884 0.6067083648360713 
 0.169243511871894 0.830756488128106 
 0.4620420810635214 0.5379579189364786 

4
 0.9703544575725027 0.02964554242749731 
 0.2398740485683219 0.760125951431678 

16
 0.2706714761376249 0.729328523862375 
 0.5293922560318381 0.47060774396816185 
 0.48422162732213836 0.5157783726778616 
 0.460485651214128 0.5395143487858719 
 0.26770956316410865 0.7322904368358913 
 0.5795827785175323 0.42041722148246785 
 0.6722443559096946 0.32775564409030544 
 0.6657040483448313 0.3342959516551687 

4
 0.3949106971384675 0.6050893028615326 
 0.4153836525222181 0.5846163474777819 

4
 0.43891737102212375 0.5610826289778763 
 0.5059786250925893 0.49402137490741066 

16
 0.6354159427340329 0.3645840572659671 
 0.41423357664233573 0.5857664233576643 
 0.5754581830756311 0.42454181692436893 
 0.4053415845615178 0.5946584154384822 
 0.4264433671220802 0.5735566328779198 
 0.5585812037424941 0.4414187962575059 
 0.6419216723334592 0.3580783276665407 
 0.4687845581582387 0.5312154418417614 

8
 0.6609662248824284 0.3390337751175716 
 0.03266552344305491 0.967334476556945 
 0.2202950482217055 0.7797049517782946 
 0.7677768602624093 0.23222313973759062 

4
 0.37099190890020983 0.6290080910997903 
 0.9833283294774209 0.016671670522579167 

8
 0.8680619949662207 0.1319380050337793 
 0.34629629629629627 0.6537037037037037 
 0.3680973973538729 0.6319026026461271 
 0.3519788095980056 0.6480211904019944 

16
 0.21747418586179507 0.7825258141382049 
 0.8535265217753351 0.1464734782246648 
 0.06925244054248836 0.9307475594575116 
 0.6363264749965936 0.3636735250034064 
 0.5702116448581716 0.4297883551418284 
 0.7689491817398793 0.2310508182601206 
 0.24868531361938875 0.7513146863806113 
 0.5227739726027397 0.4772260273972602 

4
 0.39127883522206325 0.6087211647779367 
 0.7007257532438971 0.29927424675610287 

16
 0.09037130270610447 0.9096286972938956 
 0.4544074305617576 0.5455925694382424 
 0.667443091582848 0.33255690841715185 
 0.5527244217953744 0.44727557820462566 
 0.10796984383414107 0.8920301561658589 
 0.5034461347407637 0.4965538652592362 
 0.7172672672672672 0.28273273273273275 
 0.5730932788424367 0.4269067211575634 

16
 0.350354609929078 0.649645390070922 
 0.7661795407098121 0.23382045929018788 
 0.5707317073170731 0.4292682926829269 
 0.5133884446041873 0.48661155539581274 
 0.8715838965618572 0.1284161034381428 
 0.47056459714687565 0.5294354028531244 
 0.6467173533340183 0.3532826466659817 
 0.4555777979981802 0.5444222020018198 

32
 0.47117574908007714 0.5288242509199229 
 0.44619275077268894 0.5538072492273111 
 0.7418817651956703 0.2581182348043297 
 0.6653796653796653 0.3346203346203346 
 0.5144012127337039 0.48559878726629613 
 0.2632 0.7368 
 0.2960199004975125 0.7039800995024876 
 0.4444444444444445 0.5555555555555556 
 0.4333736165882204 0.5666263834117796 
 0.3651287032540068 0.6348712967459932 
 0.7134193749028144 0.2865806250971855 
 0.6621558562762483 0.33784414372375177 
 0.5355784395584006 0.4644215604415994 
 0.24390919158361016 0.7560908084163898 
 0.40820390282755875 0.5917960971724413 
 0.513949163050217 0.48605083694978307 

16
 0.5288999756631783 0.4711000243368216 
 0.07505640511406367 0.9249435948859364 
 0.6525252525252525 0.34747474747474755 
 0.3399317406143345 0.6600682593856656 
 0.362391463994125 0.637608536005875 
 0.8299297676931389 0.1700702323068612 
 0.7014880952380953 0.2985119047619047 
 0.5409504550050556 0.45904954499494444 

32
 0.158111689076455 0.841888310923545 
 0.6184988179669031 0.3815011820330969 
 0.47771084337349395 0.522289156626506 
 0.7183673469387755 0.2816326530612245 
 0.4599970959779295 0.5400029040220706 
 0.8437654364547315 0.15623456354526855 
 0.6652461112294907 0.3347538887705093 
 0.08532950656805385 0.9146704934319462 
 0.7029980386662932 0.29700196133370693 
 0.6725344644750795 0.3274655355249204 
 0.2899612236105127 0.7100387763894873 
 0.02327746741154562 0.9767225325884543 
 0.6588139723801787 0.3411860276198213 
 0.7033502538071066 0.2966497461928934 
 0.2609511889862328 0.7390488110137672 
 0.5975193798449612 0.4024806201550387 

4
 0.6810842692487282 0.3189157307512718 
 0.5236279669208463 0.4763720330791537 

64
 0.3728091728091728 0.6271908271908272 
 0.19117352056168507 0.808826479438315 
 0.7190823457915527 0.2809176542084473 
 0.30830792682926833 0.6916920731707318 
 0.3165501165501165 0.6834498834498834 
 0.6093111897631364 0.39068881023686364 
 0.5904302019315188 0.40956979806848115 
 0.687819306265125 0.31218069373487495 
 0.6187764100679773 0.3812235899320228 
 0.6014064069650631 0.3985935930349369 
 0.4087889626980071 0.5912110373019928 
 0.41757536882617063 0.5824246311738294 
 0.47729618163054693 0.522703818369453 
 0.026891807379612262 0.9731081926203877 
 0.395112016293279 0.604887983706721 
 0.16386426169367163 0.8361357383063284 
 0.14272300469483568 0.8572769953051643 
 0.4609544468546638 0.5390455531453362 
 0.8089887640449438 0.19101123595505615 
 0.6578220011055832 0.3421779988944168 
 0.34963325183374083 0.6503667481662592 
 0.6311605723370429 0.3688394276629571 
 0.5794871794871794 0.42051282051282046 
 0.29245283018867924 0.7075471698113207 
 0.5626283367556468 0.43737166324435317 
 0.5732445520581114 0.42675544794188863 
 0.9572093023255814 0.04279069767441861 
 0.6489425981873111 0.3510574018126888 
 0.16374269005847952 0.8362573099415205 
 0.6714285714285714 0.32857142857142857 
 0.5722222222222222 0.42777777777777776 
 0.08687615526802218 0.9131238447319778 

8
 0.0578628748416162 0.9421371251583839 
 0.5833993347061619 0.4166006652938381 
 0.3588034076301283 0.6411965923698716 
 0.5607814227792112 0.4392185772207888 

2
 0.8493330133397325 0.15066698666026662 

4
 0.11463903743315508 0.8853609625668448 
 0.6800838993208149 0.31991610067918497 

8
 0.21393380861299485 0.7860661913870052 
 0.503102267864784 0.4968977321352161 
 0.43992348592919206 0.5600765140708079 
 0.6647663200100238 0.3352336799899762 

32
 0.2670252947235893 0.7329747052764106 
 0.48063033486539725 0.5193696651346028 
 0.32789537548874215 0.672104624511258 
 0.7525773195876289 0.24742268041237112 
 0.03980490874764003 0.9601950912523599 
 0.8150134048257373 0.18498659517426275 
 0.3840741925167892 0.6159258074832107 
 0.43656716417910446 0.5634328358208955 
 0.2906916812699721 0.7093083187300278 
 0.7003154574132492 0.2996845425867508 
 0.6001236571605225 0.3998763428394776 
 0.6109613656783468 0.38903863432165325 
 0.30617248341505626 0.6938275165849437 
 0.12575331458417036 0.8742466854158297 
 0.5931642778390298 0.40683572216097025 
 0.8799778761061946 0.12002212389380532 

4
 0.3010228527383706 0.6989771472616295 
 0.003865310282494567 0.9961346897175053 

8
 0.5550831687136762 0.44491683128632364 
 0.24158900647607015 0.7584109935239298 
 0.3464025869037995 0.6535974130962005 
 0.3884266263237519 0.6115733736762481 

2
 0.5453190936181278 0.4546809063818722 

2
 0.2542049159016823 0.7457950840983179 

8
 0.9482185422155314 0.05178145778446869 
 0.4393250821891317 0.5606749178108683 
 0.6147984267453294 0.3852015732546706 
 0.2935562117696689 0.7064437882303313 

16
 0.4115678136296693 0.5884321863703307 
 0.6351391798862616 0.36486082011373844 
 0.5177681561963892 0.48223184380361084 
 0.03626156182412222 0.9637384381758778 
 0.67538213998391 0.32461786001609005 
 0.5377292779196656 0.4622707220803343 
 0.40469860896445137 0.5953013910355487 
 0.32786307930694464 0.6721369206930553 

4
 0.43429492637625877 0.5657050736237412 
 0.7217515309118362 0.27824846908816375 

16
 0.5273551311103917 0.4726448688896083 
 0.5597972972972972 0.4402027027027026 
 0.28510004013071144 0.7148999598692886 
 0.49023376945495134 0.5097662305450487 
 0.24957947855340623 0.7504205214465938 
 0.5736005528680027 0.42639944713199723 
 0.595789159325071 0.4042108406749291 
 0.8656984334203656 0.13430156657963446 

16
 0.37093656650852225 0.6290634334914778 
 0.5132876988121603 0.4867123011878398 
 0.5498148148148149 0.4501851851851852 
 0.07415942180789775 0.9258405781921023 
 0.22681664216782774 0.7731833578321723 
 0.10788058856819469 0.8921194114318053 
 0.5934761120263591 0.4065238879736408 
 0.61993281075028 0.38006718924972005 

8
 0.3693621369143191 0.6306378630856809 
 0.8551598953606321 0.1448401046393679 
 0.9015151515151515 0.09848484848484848 
 0.19005419845367444 0.8099458015463256 

