BAYES
100
2 2 2 2 2 2 2 2 2 2 2 2 2 2 2 2 2 2 2 2 2 2 2 2 2 2 2 2 2 2 2 2 2 2 2 2 2 2 2 2 2 2 2 2 2 2 2 2 2 2 2 2 2 2 2 2 2 2 2 2 2 2 2 2 2 2 2 2 2 2 2 2 2 2 2 2 2 2 2 2 2 2 2 2 2 2 2 2 2 2 2 2 2 2 2 2 2 2 2 2 
100
6 70 19 5 54 64 0 
4 96 71 5 1 
2 60 2 
7 96 16 56 54 35 29 3 
4 70 53 93 4 
2 42 5 
3 52 2 6 
3 24 76 7 
3 83 42 8 
5 77 41 91 10 9 
3 55 22 10 
3 75 5 11 
3 28 53 12 
4 53 28 26 13 
4 44 32 61 14 
2 16 15 
3 60 65 16 
4 92 2 91 17 
3 93 82 18 
1 19 
5 0 8 81 3 20 
2 93 21 
1 22 
4 86 8 80 23 
1 24 
3 31 83 25 
1 26 
4 64 60 51 27 
3 83 14 28 
2 82 29 
4 68 44 42 30 
1 31 
2 9 32 
7 13 63 39 56 37 70 33 
3 51 42 34 
3 46 88 35 
3 61 17 36 
2 46 37 
4 35 31 18 38 
2 44 39 
3 18 34 40 
1 41 
3 92 48 42 
2 54 43 
2 2 44 
2 13 45 
3 90 92 46 
3 61 49 47 
1 48 
2 90 49 
5 52 97 25 35 50 
6 31 26 65 90 49 51 
3 91 32 52 
1 53 
5 68 58 77 24 54 
2 16 55 
2 77 56 
2 98 57 
3 5 12 58 
2 42 59 
1 60 
1 61 
3 47 41 62 
2 60 63 
7 39 56 83 18 80 54 64 
1 65 
2 53 66 
5 73 61 53 24 67 
2 16 68 
4 29 9 11 69 
2 69 70 
2 18 71 
4 7 53 25 72 
3 29 99 73 
2 85 74 
3 64 94 75 
4 92 28 82 76 
2 92 77 
4 33 76 73 78 
4 84 56 52 79 
5 24 15 44 32 80 
4 50 57 30 81 
5 15 5 32 98 82 
2 2 83 
6 86 37 15 43 67 84 
3 55 5 85 
1 86 
2 61 87 
3 77 58 88 
5 1 59 8 86 89 
2 91 90 
3 44 22 91 
1 92 
1 93 
3 17 46 94 
4 46 60 72 95 
2 6 96 
4 36 24 69 97 
4 53 87 5 98 
3 39 38 99 

64
 0.5 0.5 
 0.5 0.5 
 0.5 0.5 
 0.5 0.5 
 0.5 0.5 
 0.6666666666666667 0.33333333333333337 
 0.7499999999999999 0.24999999999999994 
 0.5 0.5 
 0.2 0.8 
 0.8 0.2 
 0.33333333333333337 0.6666666666666667 
 0.7142857142857143 0.2857142857142857 
 0.33333333333333337 0.6666666666666667 
 0.6666666666666667 0.33333333333333337 
 0.16666666666666666 0.8333333333333334 
 0.2857142857142857 0.7142857142857143 
 0.6666666666666667 0.33333333333333337 
 0.5 0.5 
 0.5 0.5 
 0.6666666666666667 0.33333333333333337 
 0.5 0.5 
 0.33333333333333337 0.6666666666666667 
 0.6666666666666667 0.33333333333333337 
 0.5 0.5 
 0.125 0.875 
 0.4444444444444445 0.5555555555555556 
 0.08333333333333331 0.9166666666666667 
 0.29999999999999993 0.7 
 0.5555555555555556 0.4444444444444445 
 0.1818181818181818 0.8181818181818181 
 0.5 0.5 
 0.4375 0.5625 

16
 0.23076923076923075 0.7692307692307694 
 0.3157894736842105 0.6842105263157895 
 0.055555555555555566 0.9444444444444444 
 0.4117647058823529 0.5882352941176471 
 0.125 0.875 
 0.6923076923076922 0.30769230769230765 
 0.642857142857143 0.35714285714285715 
 0.2857142857142857 0.7142857142857143 

4
 0.6956521739130435 0.30434782608695654 
 0.8765432098765432 0.1234567901234568 

128
 0.5 0.5 
 0.5 0.5 
 0.5 0.5 
 0.33333333333333337 0.6666666666666667 
 0.5 0.5 
 0.6666666666666667 0.33333333333333337 
 0.6666666666666667 0.33333333333333337 
 0.5 0.5 
 0.33333333333333337 0.6666666666666667 
 0.7499999999999999 0.24999999999999994 
 0.33333333333333337 0.6666666666666667 
 0.6 0.4 
 0.5 0.5 
 0.4 0.6 
 0.4 0.6 
 0.6666666666666667 0.33333333333333337 
 0.6666666666666667 0.33333333333333337 
 0.24999999999999994 0.7499999999999999 
 0.6666666666666667 0.33333333333333337 
 0.5 0.5 
 0.24999999999999994 0.7499999999999999 
 0.6666666666666667 0.33333333333333337 
 0.6666666666666667 0.33333333333333337 
 0.5 0.5 
 0.8333333333333334 0.16666666666666666 
 0.8 0.2 
 0.24999999999999994 0.7499999999999999 
 0.2 0.8 
 0.7499999999999999 0.24999999999999994 
 0.6 0.4 
 0.6666666666666667 0.33333333333333337 
 0.8 0.2 
 0.33333333333333337 0.6666666666666667 
 0.5 0.5 
 0.5 0.5 
 0.5 0.5 
 0.5 0.5 
 0.33333333333333337 0.6666666666666667 
 0.5 0.5 
 0.33333333333333337 0.6666666666666667 
 0.6666666666666667 0.33333333333333337 
 0.7499999999999999 0.24999999999999994 
 0.5 0.5 
 0.6666666666666667 0.33333333333333337 
 0.5 0.5 
 0.6666666666666667 0.33333333333333337 
 0.33333333333333337 0.6666666666666667 
 0.2222222222222222 0.7777777777777779 
 0.33333333333333337 0.6666666666666667 
 0.5 0.5 
 0.5 0.5 
 0.5 0.5 
 0.5 0.5 
 0.5 0.5 
 0.33333333333333337 0.6666666666666667 
 0.5 0.5 
 0.6666666666666667 0.33333333333333337 
 0.6666666666666667 0.33333333333333337 
 0.4 0.6 
 0.33333333333333337 0.6666666666666667 
 0.6 0.4 
 0.5 0.5 
 0.33333333333333337 0.6666666666666667 
 0.33333333333333337 0.6666666666666667 

16
 0.42857142857142855 0.5714285714285714 
 0.33333333333333337 0.6666666666666667 
 0.24999999999999994 0.7499999999999999 
 0.8823529411764706 0.11764705882352941 
 0.5555555555555556 0.4444444444444445 
 0.8823529411764706 0.11764705882352941 
 0.7333333333333333 0.26666666666666666 
 0.3684210526315789 0.631578947368421 

4
 0.7924528301886793 0.20754716981132076 
 0.09803921568627452 0.9019607843137254 

8
 0.9705882352941176 0.029411764705882353 
 0.42857142857142855 0.5714285714285714 
 0.9818181818181817 0.01818181818181818 
 0.5833333333333334 0.41666666666666663 

8
 0.5 0.5 
 0.42857142857142855 0.5714285714285714 
 0.717391304347826 0.2826086956521739 
 0.5714285714285714 0.42857142857142855 

8
 0.8108108108108107 0.1891891891891892 
 0.41379310344827586 0.5862068965517241 
 0.6666666666666667 0.33333333333333337 
 0.16666666666666666 0.8333333333333334 

32
 0.24999999999999994 0.7499999999999999 
 0.15 0.85 
 0.2 0.8 
 0.29411764705882354 0.7058823529411765 
 0.8 0.2 
 0.625 0.375 
 0.6666666666666667 0.33333333333333337 
 0.4 0.6 
 0.375 0.625 
 0.26666666666666666 0.7333333333333333 
 0.42857142857142855 0.5714285714285714 
 0.35714285714285715 0.642857142857143 
 0.5 0.5 
 0.625 0.375 
 0.6666666666666667 0.33333333333333337 
 0.125 0.875 

8
 0.30769230769230765 0.6923076923076922 
 0.5 0.5 
 0.15384615384615385 0.8461538461538461 
 0.5454545454545454 0.4545454545454546 

8
 0.4782608695652174 0.5217391304347826 
 0.3448275862068966 0.6551724137931035 
 0.30769230769230765 0.6923076923076922 
 0.6 0.4 

8
 0.2 0.8 
 0.7428571428571429 0.2571428571428571 
 0.8695652173913044 0.13043478260869565 
 0.2 0.8 

16
 0.375 0.625 
 0.5555555555555556 0.4444444444444445 
 0.5555555555555556 0.4444444444444445 
 0.375 0.625 
 0.6086956521739131 0.391304347826087 
 0.8571428571428571 0.14285714285714285 
 0.5 0.5 
 0.23529411764705885 0.7647058823529411 

16
 0.7894736842105263 0.21052631578947367 
 0.5526315789473685 0.4473684210526316 
 0.4 0.6 
 0.625 0.375 
 0.4 0.6 
 0.8181818181818181 0.1818181818181818 
 0.6666666666666667 0.33333333333333337 
 0.16666666666666666 0.8333333333333334 

4
 0.9411764705882353 0.05882352941176471 
 0.41509433962264153 0.5849056603773585 

8
 0.18750000000000003 0.8125 
 0.1111111111111111 0.8888888888888888 
 0.8958333333333334 0.10416666666666666 
 0.17142857142857143 0.8285714285714286 

16
 0.4444444444444445 0.5555555555555556 
 0.4782608695652174 0.5217391304347826 
 0.625 0.375 
 0.33333333333333337 0.6666666666666667 
 0.9047619047619047 0.09523809523809525 
 0.09090909090909094 0.9090909090909091 
 0.6666666666666667 0.33333333333333337 
 0.6666666666666667 0.33333333333333337 

8
 0.2142857142857143 0.7857142857142857 
 0.23529411764705885 0.7647058823529411 
 0.41860465116279066 0.5813953488372092 
 0.7058823529411765 0.29411764705882354 

2
 0.07843137254901957 0.9215686274509802 

32
 0.5714285714285714 0.42857142857142855 
 0.4 0.6 
 0.14285714285714285 0.8571428571428571 
 0.33333333333333337 0.6666666666666667 
 0.33333333333333337 0.6666666666666667 
 0.5 0.5 
 0.8333333333333334 0.16666666666666666 
 0.7142857142857143 0.2857142857142857 
 0.125 0.875 
 0.5 0.5 
 0.18750000000000003 0.8125 
 0.7272727272727273 0.2727272727272727 
 0.33333333333333337 0.6666666666666667 
 0.2222222222222222 0.7777777777777779 
 0.5 0.5 
 0.5 0.5 

4
 0.13793103448275867 0.8620689655172414 
 0.6666666666666667 0.33333333333333337 

2
 0.8627450980392154 0.13725490196078427 

16
 0.5909090909090909 0.4090909090909091 
 0.5333333333333333 0.4666666666666667 
 0.29999999999999993 0.7 
 0.45833333333333337 0.5416666666666666 
 0.16666666666666666 0.8333333333333334 
 0.5 0.5 
 0.6 0.4 
 0.6 0.4 

2
 0.09803921568627452 0.9019607843137253 

8
 0.9642857142857143 0.03571428571428571 
 0.33333333333333337 0.6666666666666667 
 0.5 0.5 
 0.1111111111111111 0.8888888888888888 

2
 0.519607843137255 0.4803921568627451 

16
 0.5 0.5 
 0.16666666666666666 0.8333333333333334 
 0.42857142857142855 0.5714285714285714 
 0.7058823529411765 0.29411764705882354 
 0.33333333333333337 0.6666666666666667 
 0.2 0.8 
 0.5757575757575757 0.4242424242424242 
 0.875 0.125 

8
 0.7083333333333334 0.29166666666666663 
 0.5555555555555556 0.4444444444444445 
 0.1764705882352941 0.8235294117647058 
 0.11999999999999998 0.8800000000000001 

4
 0.3636363636363636 0.6363636363636362 
 0.653061224489796 0.3469387755102041 

16
 0.5769230769230769 0.4230769230769231 
 0.4642857142857143 0.5357142857142857 
 0.7777777777777779 0.2222222222222222 
 0.5555555555555556 0.4444444444444445 
 0.13636363636363635 0.8636363636363635 
 0.2 0.8 
 0.5 0.5 
 0.4 0.6 

2
 0.4803921568627451 0.519607843137255 

4
 0.7575757575757576 0.24242424242424243 
 0.5915492957746478 0.4084507042253521 

128
 0.5 0.5 
 0.5 0.5 
 0.5 0.5 
 0.6666666666666667 0.33333333333333337 
 0.4 0.6 
 0.33333333333333337 0.6666666666666667 
 0.5 0.5 
 0.4 0.6 
 0.5 0.5 
 0.33333333333333337 0.6666666666666667 
 0.5 0.5 
 0.24999999999999994 0.7499999999999999 
 0.7499999999999999 0.24999999999999994 
 0.2 0.8 
 0.5 0.5 
 0.29999999999999993 0.7 
 0.6666666666666667 0.33333333333333337 
 0.5 0.5 
 0.5 0.5 
 0.6666666666666667 0.33333333333333337 
 0.5 0.5 
 0.8 0.2 
 0.33333333333333337 0.6666666666666667 
 0.33333333333333337 0.6666666666666667 
 0.6666666666666667 0.33333333333333337 
 0.5 0.5 
 0.5 0.5 
 0.6666666666666667 0.33333333333333337 
 0.24999999999999994 0.7499999999999999 
 0.2 0.8 
 0.33333333333333337 0.6666666666666667 
 0.33333333333333337 0.6666666666666667 
 0.5 0.5 
 0.5 0.5 
 0.5 0.5 
 0.5 0.5 
 0.5 0.5 
 0.7499999999999999 0.24999999999999994 
 0.33333333333333337 0.6666666666666667 
 0.5 0.5 
 0.24999999999999994 0.7499999999999999 
 0.6666666666666667 0.33333333333333337 
 0.5 0.5 
 0.33333333333333337 0.6666666666666667 
 0.5714285714285714 0.42857142857142855 
 0.33333333333333337 0.6666666666666667 
 0.33333333333333337 0.6666666666666667 
 0.5 0.5 
 0.5 0.5 
 0.5 0.5 
 0.33333333333333337 0.6666666666666667 
 0.5 0.5 
 0.33333333333333337 0.6666666666666667 
 0.24999999999999994 0.7499999999999999 
 0.6666666666666667 0.33333333333333337 
 0.6666666666666667 0.33333333333333337 
 0.5 0.5 
 0.7499999999999999 0.24999999999999994 
 0.5 0.5 
 0.24999999999999994 0.7499999999999999 
 0.5 0.5 
 0.6 0.4 
 0.8333333333333334 0.16666666666666666 
 0.5714285714285714 0.42857142857142855 

8
 0.5 0.5 
 0.5625 0.4375 
 0.7368421052631579 0.26315789473684204 
 0.42857142857142855 0.5714285714285714 

8
 0.4545454545454546 0.5454545454545454 
 0.6333333333333333 0.3666666666666667 
 0.6666666666666667 0.33333333333333337 
 0.2592592592592593 0.7407407407407408 

8
 0.6923076923076922 0.30769230769230765 
 0.9500000000000001 0.04999999999999999 
 0.29999999999999993 0.7 
 0.11428571428571431 0.8857142857142858 

4
 0.47540983606557374 0.5245901639344263 
 0.5116279069767442 0.4883720930232558 

16
 0.29411764705882354 0.7058823529411765 
 0.6923076923076922 0.30769230769230765 
 0.1818181818181818 0.8181818181818181 
 0.375 0.625 
 0.35714285714285715 0.642857142857143 
 0.41666666666666663 0.5833333333333334 
 0.4545454545454546 0.5454545454545454 
 0.2727272727272727 0.7272727272727273 

4
 0.3647058823529412 0.6352941176470589 
 0.15789473684210525 0.8421052631578947 

8
 0.2 0.8 
 0.6842105263157895 0.3157894736842105 
 0.6206896551724137 0.3793103448275862 
 0.8666666666666667 0.13333333333333333 

2
 0.735294117647059 0.26470588235294124 

8
 0.653846153846154 0.34615384615384615 
 0.7647058823529411 0.23529411764705885 
 0.391304347826087 0.6086956521739131 
 0.11999999999999998 0.8800000000000001 

4
 0.9555555555555555 0.044444444444444446 
 0.11864406779661019 0.8813559322033898 

4
 0.8390804597701149 0.16091954022988506 
 0.7058823529411765 0.29411764705882354 

4
 0.679245283018868 0.3207547169811321 
 0.8823529411764706 0.11764705882352941 

8
 0.6 0.4 
 0.5555555555555556 0.4444444444444445 
 0.62 0.38000000000000006 
 0.5384615384615384 0.46153846153846156 

8
 0.9583333333333334 0.04166666666666666 
 0.4444444444444445 0.5555555555555556 
 0.08474576271186439 0.9152542372881356 
 0.6875 0.3125 

2
 0.4509803921568628 0.5490196078431374 

4
 0.9411764705882353 0.05882352941176471 
 0.7471264367816091 0.25287356321839083 

32
 0.125 0.875 
 0.1 0.8999999999999999 
 0.16666666666666666 0.8333333333333334 
 0.6666666666666667 0.33333333333333337 
 0.5 0.5 
 0.42857142857142855 0.5714285714285714 
 0.5 0.5 
 0.24999999999999994 0.7499999999999999 
 0.8 0.2 
 0.3846153846153846 0.6153846153846154 
 0.46153846153846156 0.5384615384615384 
 0.8 0.2 
 0.3636363636363636 0.6363636363636362 
 0.125 0.875 
 0.6 0.4 
 0.5555555555555556 0.4444444444444445 

64
 0.24999999999999994 0.7499999999999999 
 0.5 0.5 
 0.1111111111111111 0.8888888888888888 
 0.5 0.5 
 0.6666666666666667 0.33333333333333337 
 0.5 0.5 
 0.4444444444444445 0.5555555555555556 
 0.5 0.5 
 0.7499999999999999 0.24999999999999994 
 0.5 0.5 
 0.9230769230769231 0.07692307692307693 
 0.6666666666666667 0.33333333333333337 
 0.14285714285714285 0.8571428571428571 
 0.5 0.5 
 0.6666666666666667 0.33333333333333337 
 0.8 0.2 
 0.8 0.2 
 0.5 0.5 
 0.5 0.5 
 0.6666666666666667 0.33333333333333337 
 0.6666666666666667 0.33333333333333337 
 0.5 0.5 
 0.5714285714285714 0.42857142857142855 
 0.24999999999999994 0.7499999999999999 
 0.6666666666666667 0.33333333333333337 
 0.5 0.5 
 0.8181818181818181 0.1818181818181818 
 0.5 0.5 
 0.5 0.5 
 0.5 0.5 
 0.875 0.125 
 0.6666666666666667 0.33333333333333337 

8
 0.3157894736842105 0.6842105263157895 
 0.6 0.4 
 0.5161290322580645 0.4838709677419355 
 0.052631578947368404 0.9473684210526315 

2
 0.34313725490196084 0.6568627450980393 

32
 0.8 0.2 
 0.1818181818181818 0.8181818181818181 
 0.5 0.5 
 0.4782608695652174 0.5217391304347826 
 0.6666666666666667 0.33333333333333337 
 0.625 0.375 
 0.6666666666666667 0.33333333333333337 
 0.08333333333333331 0.9166666666666667 
 0.33333333333333337 0.6666666666666667 
 0.8125 0.18750000000000003 
 0.5 0.5 
 0.33333333333333337 0.6666666666666667 
 0.6666666666666667 0.33333333333333337 
 0.2857142857142857 0.7142857142857143 
 0.5 0.5 
 0.5714285714285714 0.42857142857142855 

4
 0.23529411764705885 0.7647058823529411 
 0.09433962264150944 0.9056603773584905 

4
 0.3584905660377358 0.6415094339622641 
 0.05882352941176471 0.9411764705882353 

4
 0.7619047619047619 0.2380952380952381 
 0.8548387096774194 0.14516129032258063 

8
 0.5909090909090909 0.4090909090909091 
 0.8888888888888888 0.1111111111111111 
 0.4117647058823529 0.5882352941176471 
 0.96 0.04000000000000001 

4
 0.7547169811320755 0.2452830188679245 
 0.45098039215686275 0.5490196078431373 

2
 0.21568627450980402 0.7843137254901961 

2
 0.29411764705882354 0.7058823529411763 

8
 0.7741935483870969 0.2258064516129033 
 0.7499999999999999 0.24999999999999994 
 0.36170212765957444 0.6382978723404256 
 0.4444444444444445 0.5555555555555556 

4
 0.04347826086956522 0.9565217391304348 
 0.6172839506172839 0.38271604938271603 

128
 0.5 0.5 
 0.5 0.5 
 0.5 0.5 
 0.5 0.5 
 0.5 0.5 
 0.5 0.5 
 0.33333333333333337 0.6666666666666667 
 0.5 0.5 
 0.5 0.5 
 0.5 0.5 
 0.5 0.5 
 0.24999999999999994 0.7499999999999999 
 0.33333333333333337 0.6666666666666667 
 0.5 0.5 
 0.5 0.5 
 0.5 0.5 
 0.24999999999999994 0.7499999999999999 
 0.5 0.5 
 0.24999999999999994 0.7499999999999999 
 0.5 0.5 
 0.5 0.5 
 0.8333333333333334 0.16666666666666666 
 0.5 0.5 
 0.2 0.8 
 0.4 0.6 
 0.6666666666666667 0.33333333333333337 
 0.5 0.5 
 0.5 0.5 
 0.5 0.5 
 0.24999999999999994 0.7499999999999999 
 0.2 0.8 
 0.5 0.5 
 0.5 0.5 
 0.33333333333333337 0.6666666666666667 
 0.5 0.5 
 0.33333333333333337 0.6666666666666667 
 0.24999999999999994 0.7499999999999999 
 0.4 0.6 
 0.5 0.5 
 0.24999999999999994 0.7499999999999999 
 0.4 0.6 
 0.5 0.5 
 0.5 0.5 
 0.5 0.5 
 0.5 0.5 
 0.33333333333333337 0.6666666666666667 
 0.5 0.5 
 0.33333333333333337 0.6666666666666667 
 0.5 0.5 
 0.14285714285714285 0.8571428571428571 
 0.5 0.5 
 0.875 0.125 
 0.5714285714285714 0.42857142857142855 
 0.8333333333333334 0.16666666666666666 
 0.7142857142857143 0.2857142857142857 
 0.125 0.875 
 0.5 0.5 
 0.2 0.8 
 0.6666666666666667 0.33333333333333337 
 0.8888888888888888 0.1111111111111111 
 0.33333333333333337 0.6666666666666667 
 0.24999999999999994 0.7499999999999999 
 0.7499999999999999 0.24999999999999994 
 0.33333333333333337 0.6666666666666667 

2
 0.5980392156862747 0.4019607843137255 

4
 0.6666666666666667 0.33333333333333337 
 0.6029411764705882 0.39705882352941174 

32
 0.24999999999999994 0.7499999999999999 
 0.7499999999999999 0.24999999999999994 
 0.5 0.5 
 0.7 0.29999999999999993 
 0.33333333333333337 0.6666666666666667 
 0.6666666666666667 0.33333333333333337 
 0.24999999999999994 0.7499999999999999 
 0.08695652173913046 0.9130434782608695 
 0.5 0.5 
 0.2222222222222222 0.7777777777777779 
 0.24999999999999994 0.7499999999999999 
 0.2 0.8 
 0.33333333333333337 0.6666666666666667 
 0.18750000000000003 0.8125 
 0.33333333333333337 0.6666666666666667 
 0.46153846153846156 0.5384615384615384 

4
 0.9803921568627451 0.01960784313725491 
 0.3018867924528302 0.6981132075471698 

16
 0.33333333333333337 0.6666666666666667 
 0.5714285714285714 0.42857142857142855 
 0.5 0.5 
 0.5263157894736843 0.4736842105263158 
 0.375 0.625 
 0.375 0.625 
 0.5555555555555556 0.4444444444444445 
 0.5 0.5 

4
 0.2549019607843137 0.7450980392156863 
 0.339622641509434 0.6603773584905661 

4
 0.2978723404255319 0.7021276595744681 
 0.5789473684210527 0.42105263157894735 

16
 0.4 0.6 
 0.6 0.4 
 0.5 0.5 
 0.4545454545454546 0.5454545454545454 
 0.125 0.875 
 0.6666666666666667 0.33333333333333337 
 0.5384615384615384 0.46153846153846156 
 0.6666666666666667 0.33333333333333337 

8
 0.6896551724137931 0.3103448275862069 
 0.04000000000000001 0.96 
 0.28125 0.71875 
 0.7727272727272727 0.22727272727272727 

4
 0.5531914893617023 0.4468085106382979 
 0.9824561403508772 0.017543859649122806 

8
 0.8928571428571429 0.10714285714285714 
 0.2222222222222222 0.7777777777777779 
 0.4 0.6 
 0.3181818181818182 0.6818181818181818 

16
 0.4090909090909091 0.5909090909090909 
 0.7499999999999999 0.24999999999999994 
 0.07692307692307693 0.9230769230769231 
 0.47058823529411764 0.5294117647058824 
 0.5 0.5 
 0.8999999999999999 0.1 
 0.4375 0.5625 
 0.5 0.5 

4
 0.43103448275862066 0.5689655172413793 
 0.6086956521739131 0.391304347826087 

16
 0.08333333333333331 0.9166666666666667 
 0.2727272727272727 0.7272727272727273 
 0.6363636363636362 0.3636363636363636 
 0.5294117647058824 0.47058823529411764 
 0.2 0.8 
 0.4444444444444445 0.5555555555555556 
 0.6153846153846154 0.3846153846153846 
 0.5789473684210527 0.42105263157894735 

16
 0.42857142857142855 0.5714285714285714 
 0.33333333333333337 0.6666666666666667 
 0.6666666666666667 0.33333333333333337 
 0.35714285714285715 0.642857142857143 
 0.8333333333333334 0.16666666666666666 
 0.4444444444444445 0.5555555555555556 
 0.642857142857143 0.35714285714285715 
 0.5714285714285714 0.42857142857142855 

32
 0.4 0.6 
 0.33333333333333337 0.6666666666666667 
 0.6666666666666667 0.33333333333333337 
 0.7499999999999999 0.24999999999999994 
 0.6666666666666667 0.33333333333333337 
 0.6666666666666667 0.33333333333333337 
 0.5 0.5 
 0.5 0.5 
 0.4545454545454546 0.5454545454545454 
 0.29166666666666663 0.7083333333333334 
 0.4444444444444445 0.5555555555555556 
 0.6666666666666667 0.33333333333333337 
 0.5 0.5 
 0.375 0.625 
 0.5 0.5 
 0.7499999999999999 0.24999999999999994 

16
 0.5625 0.4375 
 0.08333333333333331 0.9166666666666667 
 0.6666666666666667 0.33333333333333337 
 0.5 0.5 
 0.4090909090909091 0.5909090909090909 
 0.8620689655172414 0.13793103448275867 
 0.8 0.2 
 0.24999999999999994 0.7499999999999999 

32
 0.4375 0.5625 
 0.6363636363636362 0.3636363636363636 
 0.5 0.5 
 0.7499999999999999 0.24999999999999994 
 0.5 0.5 
 0.7692307692307694 0.23076923076923075 
 0.4 0.6 
 0.1764705882352941 0.8235294117647058 
 0.7499999999999999 0.24999999999999994 
 0.5714285714285714 0.42857142857142855 
 0.5 0.5 
 0.2 0.8 
 0.5714285714285714 0.42857142857142855 
 0.6666666666666667 0.33333333333333337 
 0.7499999999999999 0.24999999999999994 
 0.33333333333333337 0.6666666666666667 

4
 0.6436781609195402 0.3563218390804598 
 0.47058823529411764 0.5294117647058824 

64
 0.4 0.6 
 0.15384615384615385 0.8461538461538461 
 0.8333333333333334 0.16666666666666666 
 0.5 0.5 
 0.5 0.5 
 0.6666666666666667 0.33333333333333337 
 0.6666666666666667 0.33333333333333337 
 0.7142857142857143 0.2857142857142857 
 0.6666666666666667 0.33333333333333337 
 0.7 0.29999999999999993 
 0.6 0.4 
 0.42857142857142855 0.5714285714285714 
 0.6666666666666667 0.33333333333333337 
 0.2222222222222222 0.7777777777777779 
 0.5 0.5 
 0.24999999999999994 0.7499999999999999 
 0.5 0.5 
 0.5 0.5 
 0.8 0.2 
 0.6666666666666667 0.33333333333333337 
 0.5 0.5 
 0.33333333333333337 0.6666666666666667 
 0.5 0.5 
 0.5 0.5 
 0.33333333333333337 0.6666666666666667 
 0.5 0.5 
 0.5 0.5 
 0.5 0.5 
 0.5 0.5 
 0.6666666666666667 0.33333333333333337 
 0.5 0.5 
 0.33333333333333337 0.6666666666666667 

8
 0.1111111111111111 0.8888888888888888 
 0.6 0.4 
 0.4 0.6 
 0.5306122448979592 0.4693877551020408 

2
 0.8725490196078433 0.12745098039215688 

4
 0.16129032258064516 0.8387096774193549 
 0.726027397260274 0.273972602739726 

8
 0.24999999999999994 0.7499999999999999 
 0.8 0.2 
 0.48571428571428577 0.5142857142857143 
 0.6666666666666667 0.33333333333333337 

32
 0.07692307692307693 0.9230769230769231 
 0.33333333333333337 0.6666666666666667 
 0.24999999999999994 0.7499999999999999 
 0.6666666666666667 0.33333333333333337 
 0.16666666666666666 0.8333333333333334 
 0.5 0.5 
 0.42857142857142855 0.5714285714285714 
 0.5 0.5 
 0.45833333333333337 0.5416666666666666 
 0.7499999999999999 0.24999999999999994 
 0.2857142857142857 0.7142857142857143 
 0.24999999999999994 0.7499999999999999 
 0.30769230769230765 0.6923076923076922 
 0.2 0.8 
 0.5333333333333333 0.4666666666666667 
 0.8 0.2 

4
 0.2857142857142857 0.7142857142857143 
 0.020833333333333336 0.9791666666666667 

8
 0.5866666666666667 0.41333333333333333 
 0.5 0.5 
 0.4375 0.5625 
 0.2 0.8 

2
 0.5588235294117648 0.4411764705882354 

2
 0.27450980392156865 0.7254901960784315 

8
 0.8620689655172414 0.13793103448275867 
 0.5 0.5 
 0.7058823529411765 0.29411764705882354 
 0.33333333333333337 0.6666666666666667 

16
 0.5555555555555556 0.4444444444444445 
 0.4 0.6 
 0.5217391304347826 0.4782608695652174 
 0.06666666666666665 0.9333333333333333 
 0.5714285714285714 0.42857142857142855 
 0.5 0.5 
 0.26315789473684204 0.7368421052631579 
 0.26666666666666666 0.7333333333333333 

4
 0.5684210526315789 0.43157894736842106 
 0.7777777777777779 0.2222222222222222 

16
 0.6 0.4 
 0.4 0.6 
 0.17391304347826084 0.8260869565217391 
 0.4 0.6 
 0.33333333333333337 0.6666666666666667 
 0.5 0.5 
 0.5769230769230769 0.4230769230769231 
 0.8571428571428571 0.14285714285714285 

16
 0.5714285714285714 0.42857142857142855 
 0.41666666666666663 0.5833333333333334 
 0.7 0.29999999999999993 
 0.07692307692307693 0.9230769230769231 
 0.14285714285714285 0.8571428571428571 
 0.16666666666666666 0.8333333333333334 
 0.8 0.2 
 0.8571428571428571 0.14285714285714285 

8
 0.42857142857142855 0.5714285714285714 
 0.9090909090909091 0.09090909090909094 
 0.8800000000000001 0.11999999999999998 
 0.2765957446808511 0.723404255319149 

