BAYES
100
2 2 2 2 2 2 2 2 2 2 2 2 2 2 2 2 2 2 2 2 2 2 2 2 2 2 2 2 2 2 2 2 2 2 2 2 2 2 2 2 2 2 2 2 2 2 2 2 2 2 2 2 2 2 2 2 2 2 2 2 2 2 2 2 2 2 2 2 2 2 2 2 2 2 2 2 2 2 2 2 2 2 2 2 2 2 2 2 2 2 2 2 2 2 2 2 2 2 2 2 
100
6 70 19 5 54 64 0 
4 96 71 5 1 
2 60 2 
7 96 16 56 54 35 29 3 
4 70 53 93 4 
2 42 5 
3 52 2 6 
3 24 76 7 
3 83 42 8 
5 77 41 91 10 9 
3 55 22 10 
3 75 5 11 
3 28 53 12 
4 53 28 26 13 
4 44 32 61 14 
2 16 15 
3 60 65 16 
4 92 2 91 17 
3 93 82 18 
1 19 
5 0 8 81 3 20 
2 93 21 
1 22 
4 86 8 80 23 
1 24 
3 31 83 25 
1 26 
4 64 60 51 27 
3 83 14 28 
2 82 29 
4 68 44 42 30 
1 31 
2 9 32 
7 13 63 39 56 37 70 33 
3 51 42 34 
3 46 88 35 
3 61 17 36 
2 46 37 
4 35 31 18 38 
2 44 39 
3 18 34 40 
1 41 
3 92 48 42 
2 54 43 
2 2 44 
2 13 45 
3 90 92 46 
3 61 49 47 
1 48 
2 90 49 
5 52 97 25 35 50 
6 31 26 65 90 49 51 
3 91 32 52 
1 53 
5 68 58 77 24 54 
2 16 55 
2 77 56 
2 98 57 
3 5 12 58 
2 42 59 
1 60 
1 61 
3 47 41 62 
2 60 63 
7 39 56 83 18 80 54 64 
1 65 
2 53 66 
5 73 61 53 24 67 
2 16 68 
4 29 9 11 69 
2 69 70 
2 18 71 
4 7 53 25 72 
3 29 99 73 
2 85 74 
3 64 94 75 
4 92 28 82 76 
2 92 77 
4 33 76 73 78 
4 84 56 52 79 
5 24 15 44 32 80 
4 50 57 30 81 
5 15 5 32 98 82 
2 2 83 
6 86 37 15 43 67 84 
3 55 5 85 
1 86 
2 61 87 
3 77 58 88 
5 1 59 8 86 89 
2 91 90 
3 44 22 91 
1 92 
1 93 
3 17 46 94 
4 46 60 72 95 
2 6 96 
4 36 24 69 97 
4 53 87 5 98 
3 39 38 99 

64
 0.6923076923076922 0.30769230769230765 
 0.6153846153846154 0.3846153846153846 
 0.4090909090909091 0.5909090909090909 
 0.7627118644067796 0.23728813559322035 
 0.8653846153846154 0.13461538461538464 
 0.875 0.125 
 0.5142857142857143 0.48571428571428577 
 0.5901639344262295 0.4098360655737705 
 0.27695560253699786 0.723044397463002 
 0.8235294117647058 0.1764705882352941 
 0.125531914893617 0.8744680851063831 
 0.5657657657657658 0.43423423423423424 
 0.12527472527472527 0.8747252747252748 
 0.49086161879895557 0.5091383812010444 
 0.25257731958762886 0.7474226804123711 
 0.5992292870905588 0.4007707129094412 
 0.3780487804878049 0.6219512195121951 
 0.42105263157894735 0.5789473684210527 
 0.78125 0.21875 
 0.9726027397260274 0.027397260273972608 
 0.33333333333333337 0.6666666666666667 
 0.05172413793103447 0.9482758620689656 
 0.576271186440678 0.423728813559322 
 0.5901639344262295 0.4098360655737705 
 0.33333333333333337 0.6666666666666667 
 0.5238095238095238 0.47619047619047616 
 0.10494752623688157 0.8950524737631185 
 0.43572241183162685 0.5642775881683731 
 0.19734904270986744 0.8026509572901326 
 0.29553264604810997 0.7044673539518901 
 0.6264462809917355 0.3735537190082645 
 0.48678720445062584 0.5132127955493742 

16
 0.3752079866888519 0.6247920133111482 
 0.3966635773864689 0.6033364226135309 
 0.031107738998482556 0.9688922610015175 
 0.3327449249779347 0.6672550750220653 
 0.08185840707964603 0.9181415929203539 
 0.697071129707113 0.302928870292887 
 0.3129935391241923 0.6870064608758076 
 0.5007462686567163 0.49925373134328355 

4
 0.5688622754491017 0.43113772455089816 
 0.896034437777198 0.10396556222280198 

128
 0.42000000000000004 0.5800000000000001 
 0.5333333333333333 0.4666666666666667 
 0.4225352112676056 0.5774647887323944 
 0.6470588235294118 0.35294117647058826 
 0.1627906976744186 0.8372093023255814 
 0.723404255319149 0.2765957446808511 
 0.9024390243902439 0.09756097560975609 
 0.5769230769230769 0.4230769230769231 
 0.3037383177570093 0.6962616822429907 
 0.9377593360995851 0.062240663900414925 
 0.30689655172413793 0.6931034482758621 
 0.4642857142857143 0.5357142857142857 
 0.5236593059936908 0.47634069400630913 
 0.15471698113207544 0.8452830188679245 
 0.5236686390532544 0.47633136094674555 
 0.5884244372990354 0.4115755627009646 
 0.5483870967741935 0.45161290322580644 
 0.22916666666666669 0.7708333333333333 
 0.7755102040816326 0.22448979591836737 
 0.37735849056603776 0.6226415094339622 
 0.6 0.4 
 0.3870967741935484 0.6129032258064516 
 0.59375 0.40625 
 0.2380952380952381 0.7619047619047619 
 0.6280193236714975 0.3719806763285024 
 0.4041450777202072 0.5958549222797928 
 0.4222222222222223 0.5777777777777777 
 0.2918454935622318 0.7081545064377683 
 0.7767857142857143 0.22321428571428573 
 0.3568281938325991 0.643171806167401 
 0.7722007722007722 0.2277992277992278 
 0.5573770491803278 0.4426229508196721 
 0.2807017543859649 0.7192982456140351 
 0.5373134328358209 0.4626865671641791 
 0.14705882352941177 0.8529411764705881 
 0.696969696969697 0.303030303030303 
 0.66 0.34 
 0.0425531914893617 0.9574468085106382 
 0.681159420289855 0.3188405797101449 
 0.8928571428571429 0.10714285714285714 
 0.5703971119133574 0.4296028880866426 
 0.9115646258503401 0.08843537414965988 
 0.2767295597484276 0.7232704402515724 
 0.2664359861591695 0.7335640138408305 
 0.6424242424242423 0.35757575757575755 
 0.5533980582524272 0.44660194174757284 
 0.5113350125944585 0.48866498740554154 
 0.23492063492063492 0.765079365079365 
 0.14285714285714285 0.8571428571428571 
 0.7222222222222222 0.2777777777777778 
 0.3902439024390244 0.6097560975609756 
 0.5098039215686274 0.49019607843137253 
 0.5833333333333334 0.41666666666666663 
 0.24324324324324326 0.7567567567567568 
 0.25454545454545463 0.7454545454545456 
 0.46153846153846156 0.5384615384615384 
 0.13362068965517243 0.8663793103448275 
 0.46543778801843316 0.5345622119815668 
 0.2479674796747967 0.7520325203252033 
 0.16326530612244897 0.8367346938775511 
 0.5282258064516129 0.4717741935483871 
 0.6588235294117647 0.3411764705882353 
 0.5160142348754448 0.4839857651245551 
 0.4828897338403042 0.5171102661596958 

16
 0.26842105263157895 0.7315789473684211 
 0.3025276461295419 0.6974723538704581 
 0.2899305555555556 0.7100694444444444 
 0.8433128147733633 0.15668718522663683 
 0.6175548589341693 0.3824451410658307 
 0.7986294148655771 0.20137058513442277 
 0.7806301050175029 0.2193698949824971 
 0.5434034416826005 0.45659655831739965 

4
 0.8805043281896876 0.11949567181031238 
 0.12452025586353943 0.8754797441364606 

8
 0.9652532391048292 0.03474676089517079 
 0.4236588720770289 0.5763411279229711 
 0.9798126951092612 0.020187304890738816 
 0.49907407407407417 0.500925925925926 

8
 0.37623762376237624 0.6237623762376238 
 0.298004987531172 0.7019950124688279 
 0.7482802547770699 0.25171974522292995 
 0.47660690861390465 0.5233930913860954 

8
 0.7820218265364733 0.21797817346352671 
 0.48427073403241183 0.5157292659675882 
 0.5676117775354417 0.4323882224645583 
 0.24854368932038834 0.7514563106796116 

32
 0.5514018691588786 0.44859813084112155 
 0.257781324820431 0.742218675179569 
 0.23678646934460887 0.7632135306553911 
 0.3785357737104825 0.6214642262895175 
 0.8015873015873016 0.1984126984126984 
 0.766566265060241 0.23343373493975902 
 0.30324909747292417 0.6967509025270758 
 0.6269503546099291 0.3730496453900709 
 0.6622340425531915 0.3377659574468085 
 0.18355640535372847 0.8164435946462715 
 0.6934156378600824 0.3065843621399177 
 0.14130434782608695 0.8586956521739131 
 0.004291845493562233 0.9957081545064377 
 0.5143312101910829 0.4856687898089172 
 0.3251748251748252 0.6748251748251749 
 0.030694668820678513 0.9693053311793214 

8
 0.3617957746478873 0.6382042253521126 
 0.5592417061611374 0.44075829383886256 
 0.21619047619047616 0.783809523809524 
 0.5194508009153318 0.4805491990846682 

8
 0.3685185185185185 0.6314814814814815 
 0.24938574938574942 0.7506142506142506 
 0.2970760233918129 0.7029239766081872 
 0.5754019991308127 0.42459800086918725 

8
 0.41580578512396693 0.5841942148760331 
 0.7383742911153119 0.26162570888468806 
 0.9388665774207943 0.06113342257920572 
 0.1051475204017577 0.8948524795982423 

16
 0.5652173913043479 0.4347826086956522 
 0.515909090909091 0.4840909090909091 
 0.6703483432455395 0.3296516567544605 
 0.3142589118198874 0.6857410881801126 
 0.6940671908506075 0.30593280914939247 
 0.6907051282051282 0.3092948717948718 
 0.5756479807112719 0.4243520192887282 
 0.210595160235448 0.789404839764552 

16
 0.5117845117845118 0.4882154882154882 
 0.4917510853835022 0.5082489146164978 
 0.42782426778242677 0.5721757322175732 
 0.4031236808780076 0.5968763191219923 
 0.3059210526315789 0.694078947368421 
 0.9256308100929616 0.07436918990703852 
 0.6636363636363636 0.33636363636363636 
 0.059071729957805914 0.9409282700421941 

4
 0.9554128767611914 0.04458712323880862 
 0.4575847168523993 0.5424152831476007 

8
 0.21483870967741933 0.7851612903225806 
 0.16835443037974684 0.8316455696202532 
 0.9560615138805673 0.043938486119432796 
 0.13378429161969185 0.8662157083803081 

16
 0.44662408759124084 0.5533759124087592 
 0.6219298245614036 0.3780701754385965 
 0.4943052391799544 0.5056947608200456 
 0.5413669064748201 0.4586330935251799 
 0.9177934018388317 0.08220659816116821 
 0.09607218683651803 0.903927813163482 
 0.8903061224489797 0.1096938775510204 
 0.4811320754716981 0.5188679245283019 

8
 0.21945337620578778 0.7805466237942122 
 0.2543640897755611 0.7456359102244389 
 0.3762847831536726 0.6237152168463274 
 0.6475363941769318 0.35246360582306835 

2
 0.08798240351929612 0.9120175964807037 

32
 0.9391143911439114 0.060885608856088576 
 0.4991119005328597 0.5008880994671403 
 0.1132404181184669 0.8867595818815331 
 0.27463651050080773 0.7253634894991923 
 0.4730077120822622 0.5269922879177378 
 0.5413870246085011 0.45861297539149887 
 0.6230248306997743 0.3769751693002258 
 0.8450704225352113 0.1549295774647887 
 0.2824427480916031 0.717557251908397 
 0.3386363636363636 0.6613636363636364 
 0.06900726392251817 0.9309927360774819 
 0.774049217002237 0.2259507829977628 
 0.35084745762711866 0.6491525423728814 
 0.5061919504643962 0.49380804953560375 
 0.4828125 0.5171875 
 0.5675287356321839 0.4324712643678161 

4
 0.18895705521472392 0.811042944785276 
 0.7170260616483661 0.2829739383516338 

2
 0.8481303739252146 0.15186962607478505 

16
 0.5895900506678949 0.410409949332105 
 0.621486330381209 0.3785136696187909 
 0.22702702702702704 0.772972972972973 
 0.4919077979401667 0.5080922020598333 
 0.06221198156682027 0.9377880184331797 
 0.4725738396624473 0.5274261603375527 
 0.47535211267605637 0.5246478873239437 
 0.5369318181818182 0.4630681818181819 

2
 0.15056988602279542 0.8494301139772046 

8
 0.9898620107012109 0.010137989298789075 
 0.3929359823399558 0.6070640176600441 
 0.539311241065627 0.46068875893437294 
 0.25654116145500955 0.7434588385449905 

2
 0.5284943011397719 0.471505698860228 

16
 0.309748427672956 0.6902515723270439 
 0.08139534883720934 0.9186046511627907 
 0.5112966601178782 0.48870333988212183 
 0.6015037593984962 0.3984962406015037 
 0.375 0.625 
 0.2555970149253731 0.744402985074627 
 0.5489727663640707 0.45102723363592934 
 0.8991179713340683 0.10088202866593164 

8
 0.7473015873015872 0.25269841269841264 
 0.4613394653636102 0.5386605346363897 
 0.26944274341702396 0.7305572565829761 
 0.10423825887743414 0.8957617411225658 

4
 0.35996941311412733 0.6400305868858727 
 0.6767232348627698 0.32327676513723025 

16
 0.600765750087017 0.39923424991298295 
 0.47749510763209385 0.5225048923679061 
 0.8223350253807107 0.17766497461928937 
 0.525096525096525 0.47490347490347495 
 0.10258107213765719 0.8974189278623428 
 0.2405731523378582 0.7594268476621417 
 0.6 0.4 
 0.48484848484848486 0.5151515151515151 

2
 0.5358928214357129 0.46410717856428685 

4
 0.6663081473514385 0.3336918526485615 
 0.5589498806682577 0.4410501193317422 

128
 0.5121951219512195 0.4878048780487805 
 0.3584905660377358 0.6415094339622641 
 0.42857142857142855 0.5714285714285714 
 0.42857142857142855 0.5714285714285714 
 0.5232558139534884 0.47674418604651164 
 0.36111111111111116 0.6388888888888888 
 0.7740112994350282 0.22598870056497178 
 0.5423728813559322 0.4576271186440678 
 0.4576271186440678 0.5423728813559322 
 0.4090909090909091 0.5909090909090909 
 0.24999999999999994 0.7499999999999999 
 0.1511627906976744 0.8488372093023255 
 0.6059850374064838 0.39401496259351626 
 0.0017985611510791368 0.9982014388489209 
 0.10855263157894737 0.8914473684210527 
 0.1806083650190114 0.8193916349809885 
 0.4090909090909091 0.5909090909090909 
 0.8275862068965516 0.17241379310344826 
 0.5357142857142857 0.4642857142857143 
 0.3125 0.6875 
 0.4056603773584906 0.5943396226415094 
 0.7988826815642459 0.20111731843575417 
 0.5576923076923077 0.44230769230769224 
 0.27461139896373055 0.7253886010362695 
 0.7631578947368421 0.23684210526315785 
 0.3287671232876712 0.6712328767123288 
 0.5294117647058824 0.47058823529411764 
 0.4383561643835616 0.5616438356164384 
 0.32740213523131667 0.6725978647686832 
 0.20192307692307693 0.798076923076923 
 0.6 0.4 
 0.42779291553133514 0.5722070844686649 
 0.6923076923076922 0.30769230769230765 
 0.04545454545454546 0.9545454545454545 
 0.09090909090909094 0.9090909090909091 
 0.5862068965517241 0.41379310344827586 
 0.46496815286624205 0.535031847133758 
 0.7619047619047619 0.2380952380952381 
 0.3008130081300814 0.6991869918699186 
 0.23318385650224213 0.7668161434977578 
 0.30434782608695654 0.6956521739130435 
 0.6124999999999999 0.38749999999999996 
 0.3137254901960784 0.6862745098039216 
 0.7894736842105263 0.21052631578947367 
 0.7101449275362319 0.2898550724637681 
 0.18315789473684208 0.8168421052631578 
 0.0887372013651877 0.9112627986348123 
 0.3770833333333333 0.6229166666666668 
 0.653846153846154 0.34615384615384615 
 0.40540540540540543 0.5945945945945946 
 0.10526315789473682 0.8947368421052632 
 0.6799999999999999 0.31999999999999995 
 0.6153846153846154 0.3846153846153846 
 0.3068181818181818 0.6931818181818183 
 0.48484848484848486 0.5151515151515151 
 0.25170068027210873 0.7482993197278911 
 0.45999999999999996 0.54 
 0.8285714285714286 0.17142857142857143 
 0.5555555555555556 0.4444444444444445 
 0.2285714285714286 0.7714285714285715 
 0.9657794676806084 0.03422053231939163 
 0.4812834224598931 0.518716577540107 
 0.9321266968325792 0.06787330316742081 
 0.22461538461538458 0.7753846153846153 

8
 0.7295081967213115 0.2704918032786885 
 0.4913826120260436 0.5086173879739563 
 0.9235059760956176 0.07649402390438248 
 0.4339259971167708 0.5660740028832292 

8
 0.34076827757125155 0.6592317224287485 
 0.5805096611593391 0.4194903388406609 
 0.8184064237183447 0.18159357628165534 
 0.20275344180225283 0.7972465581977471 

8
 0.8222498446239901 0.1777501553760099 
 0.8683431952662721 0.13165680473372782 
 0.2392177873024377 0.7607822126975623 
 0.14846107423053714 0.851538925769463 

4
 0.5562604340567613 0.4437395659432387 
 0.4730941704035875 0.5269058295964125 

16
 0.30151650312221234 0.6984834968777878 
 0.6960507757404795 0.3039492242595205 
 0.176033934252386 0.823966065747614 
 0.4963444354183591 0.503655564581641 
 0.4554140127388535 0.5445859872611465 
 0.393765903307888 0.606234096692112 
 0.542246982358403 0.45775301764159704 
 0.22889842632331905 0.7711015736766809 

4
 0.37111030391088506 0.6288896960891148 
 0.04183381088825215 0.9581661891117479 

8
 0.3161268556005398 0.6838731443994602 
 0.6606018194541637 0.33939818054583626 
 0.7507666573738501 0.24923334262614996 
 0.8185404339250494 0.1814595660749507 

2
 0.6351729654069189 0.36482703459308163 

8
 0.7355119825708061 0.2644880174291939 
 0.7844065656565656 0.21559343434343436 
 0.4937027707808565 0.5062972292191436 
 0.06367187500000002 0.936328125 

4
 0.9673366834170856 0.03266331658291457 
 0.06522570772762049 0.9347742922723795 

4
 0.8552262471033053 0.14477375289669472 
 0.690858725761773 0.3091412742382271 

4
 0.7920454545454545 0.20795454545454545 
 0.9278154106689247 0.07218458933107534 

8
 0.5949685534591195 0.4050314465408805 
 0.6625344352617079 0.337465564738292 
 0.6139674378748929 0.38603256212510706 
 0.5687352710133543 0.4312647289866457 

8
 0.8969500924214419 0.10304990757855824 
 0.437892095357591 0.562107904642409 
 0.07689350249903884 0.9231064975009613 
 0.7848238482384824 0.2151761517615176 

2
 0.4276144771045788 0.5723855228954211 

4
 0.8986175115207373 0.10138248847926268 
 0.7070123747790218 0.2929876252209782 

32
 0.050287356321839075 0.9497126436781609 
 0.09570552147239261 0.9042944785276074 
 0.256857855361596 0.7431421446384041 
 0.6004514672686231 0.399548532731377 
 0.43527204502814254 0.5647279549718575 
 0.13722126929674097 0.8627787307032591 
 0.7749196141479099 0.22508038585209003 
 0.3087818696883853 0.6912181303116147 
 0.5704433497536946 0.42955665024630546 
 0.43517679057116954 0.5648232094288305 
 0.6073211314475874 0.3926788685524126 
 0.8759124087591241 0.12408759124087593 
 0.427012278308322 0.572987721691678 
 0.16524908869987848 0.8347509113001216 
 0.4918793503480278 0.5081206496519721 
 0.7905138339920947 0.20948616600790515 

64
 0.20689655172413793 0.7931034482758621 
 0.7941176470588235 0.20588235294117646 
 0.07705934455270153 0.9229406554472985 
 0.3215962441314554 0.6784037558685446 
 0.14492753623188406 0.855072463768116 
 0.4 0.6 
 0.52 0.48 
 0.6341463414634146 0.3658536585365854 
 0.9677419354838709 0.03225806451612904 
 0.6666666666666667 0.33333333333333337 
 0.8935516888433981 0.10644831115660186 
 0.5059665871121719 0.4940334128878282 
 0.07377049180327867 0.9262295081967213 
 0.6 0.4 
 0.6693069306930693 0.3306930693069307 
 0.3972602739726028 0.6027397260273972 
 0.7973568281938326 0.2026431718061674 
 0.22727272727272727 0.7727272727272727 
 0.36391752577319586 0.6360824742268041 
 0.5815085158150851 0.4184914841849149 
 0.8 0.2 
 0.9090909090909091 0.09090909090909094 
 0.5617529880478088 0.4382470119521913 
 0.14545454545454545 0.8545454545454545 
 0.6089385474860336 0.3910614525139665 
 0.41666666666666663 0.5833333333333334 
 0.8342989571263036 0.1657010428736964 
 0.4891304347826087 0.5108695652173914 
 0.8571428571428571 0.14285714285714285 
 0.2727272727272727 0.7272727272727273 
 0.8867521367521368 0.11324786324786326 
 0.7604166666666667 0.23958333333333337 

8
 0.3898020798389802 0.6101979201610198 
 0.629570747217806 0.37042925278219396 
 0.5590969455511288 0.4409030544488712 
 0.04182330827067669 0.9581766917293234 

2
 0.41731653669266155 0.5826834633073386 

32
 0.7065868263473055 0.2934131736526946 
 0.3246684350132626 0.6753315649867374 
 0.575 0.425 
 0.4666666666666667 0.5333333333333333 
 0.9797979797979799 0.020202020202020207 
 0.9566473988439307 0.04335260115606936 
 0.375 0.625 
 0.0023391812865497068 0.9976608187134502 
 0.1402439024390244 0.8597560975609757 
 0.6455078125 0.3544921875 
 0.6802325581395349 0.31976744186046513 
 0.46546227417640806 0.5345377258235919 
 0.6565656565656566 0.3434343434343434 
 0.32421875 0.67578125 
 0.36486486486486486 0.6351351351351351 
 0.3852295409181637 0.6147704590818364 

4
 0.19850187265917604 0.8014981273408239 
 0.052763247668865136 0.9472367523311348 

4
 0.24904580152671754 0.7509541984732824 
 0.04303106633081444 0.9569689336691857 

4
 0.8178021404333073 0.18219785956669277 
 0.9058804471083752 0.0941195528916248 

8
 0.5053644099149094 0.4946355900850906 
 0.9082747853239657 0.09172521467603435 
 0.2690457097032879 0.7309542902967121 
 0.9866607381058248 0.013339261894175187 

4
 0.5961610839292435 0.40383891607075645 
 0.535820895522388 0.4641791044776119 

2
 0.2336532693461307 0.7663467306538693 

2
 0.29574085182963394 0.7042591481703661 

8
 0.8014264264264265 0.19857357357357358 
 0.7890094979647219 0.21099050203527817 
 0.4014084507042254 0.5985915492957746 
 0.3232323232323232 0.6767676767676767 

4
 0.169803250641574 0.830196749358426 
 0.7012783720323507 0.29872162796764934 

128
 0.7142857142857143 0.2857142857142857 
 0.6896551724137931 0.3103448275862069 
 0.8095238095238095 0.19047619047619047 
 0.03225806451612904 0.9677419354838709 
 0.40816326530612246 0.5918367346938775 
 0.7142857142857143 0.2857142857142857 
 0.3928571428571429 0.6071428571428572 
 0.4918032786885246 0.5081967213114754 
 0.7391304347826086 0.26086956521739135 
 0.5 0.5 
 0.8076923076923077 0.19230769230769235 
 0.4117647058823529 0.5882352941176471 
 0.7391304347826086 0.26086956521739135 
 0.5882352941176471 0.4117647058823529 
 0.42857142857142855 0.5714285714285714 
 0.6666666666666667 0.33333333333333337 
 0.41621621621621624 0.5837837837837838 
 0.2380952380952381 0.7619047619047619 
 0.6666666666666667 0.33333333333333337 
 0.5301724137931034 0.46982758620689663 
 0.288135593220339 0.7118644067796611 
 0.605 0.395 
 0.6236933797909407 0.37630662020905925 
 0.3914373088685015 0.6085626911314984 
 0.4390243902439024 0.5609756097560976 
 0.45945945945945943 0.5405405405405405 
 0.3207547169811321 0.679245283018868 
 0.4298245614035088 0.5701754385964912 
 0.4299065420560748 0.5700934579439253 
 0.26315789473684204 0.7368421052631579 
 0.2592592592592593 0.7407407407407408 
 0.6164383561643836 0.3835616438356164 
 0.6395348837209303 0.36046511627906974 
 0.41666666666666663 0.5833333333333334 
 0.5064935064935064 0.4935064935064935 
 0.9594594594594595 0.04054054054054055 
 0.021505376344086016 0.978494623655914 
 0.49411764705882355 0.5058823529411764 
 0.04464285714285715 0.9553571428571428 
 0.5730337078651685 0.4269662921348315 
 0.5833333333333334 0.41666666666666663 
 0.53125 0.46875 
 0.4716981132075472 0.5283018867924528 
 0.48571428571428577 0.5142857142857143 
 0.5862068965517241 0.41379310344827586 
 0.45945945945945943 0.5405405405405405 
 0.4852941176470589 0.5147058823529411 
 0.642857142857143 0.35714285714285715 
 0.7802197802197802 0.21978021978021978 
 0.31786542923433875 0.6821345707656613 
 0.3037383177570093 0.6962616822429907 
 0.6693386773547094 0.3306613226452905 
 0.5382978723404255 0.4617021276595744 
 0.8671726755218216 0.13282732447817835 
 0.7110266159695818 0.2889733840304183 
 0.09003215434083602 0.909967845659164 
 0.6551724137931035 0.3448275862068966 
 0.37662337662337664 0.6233766233766234 
 0.7244444444444444 0.27555555555555555 
 0.7842323651452282 0.2157676348547718 
 0.624 0.376 
 0.08012820512820513 0.9198717948717949 
 0.691699604743083 0.308300395256917 
 0.13580246913580252 0.8641975308641976 

2
 0.655268946210758 0.34473105378924207 

4
 0.5003592814371257 0.4996407185628743 
 0.6349288042545891 0.36507119574541086 

32
 0.07692307692307693 0.9230769230769231 
 0.6 0.4 
 0.08045977011494251 0.9195402298850576 
 0.6661392405063291 0.33386075949367083 
 0.3217821782178218 0.6782178217821783 
 0.6361922714420358 0.36380772855796417 
 0.3730769230769231 0.6269230769230769 
 0.0686868686868687 0.9313131313131313 
 0.5882352941176471 0.4117647058823529 
 0.2859450726978998 0.7140549273021002 
 0.3450292397660818 0.6549707602339181 
 0.3608597285067874 0.6391402714932126 
 0.07326007326007328 0.9267399267399268 
 0.3768913342503439 0.6231086657496562 
 0.14942528735632185 0.8505747126436782 
 0.45293522267206476 0.5470647773279352 

4
 0.9739611200285359 0.026038879971464243 
 0.2433477370934728 0.7566522629065271 

16
 0.27923976608187134 0.7207602339181287 
 0.5460693153000845 0.4539306846999155 
 0.4756711409395973 0.5243288590604027 
 0.475242718446602 0.5247572815533981 
 0.2754237288135593 0.7245762711864406 
 0.6043478260869566 0.39565217391304347 
 0.6378378378378378 0.3621621621621621 
 0.6702954898911353 0.3297045101088647 

4
 0.3823082763857252 0.6176917236142749 
 0.41997466216216217 0.5800253378378378 

4
 0.44363470735595534 0.5563652926440447 
 0.5127382861215036 0.4872617138784964 

16
 0.6262230919765166 0.37377690802348335 
 0.41409147095179233 0.5859085290482077 
 0.5589792970630718 0.4410207029369283 
 0.4034797017398508 0.5965202982601491 
 0.4080357142857143 0.5919642857142857 
 0.5382475660639777 0.4617524339360223 
 0.6282789507357646 0.37172104926423544 
 0.46153846153846156 0.5384615384615384 

8
 0.648955012398158 0.351044987601842 
 0.0318499127399651 0.9681500872600349 
 0.22293233082706768 0.7770676691729324 
 0.7590685176892074 0.24093148231079262 

4
 0.3749419953596287 0.6250580046403711 
 0.9813839128907622 0.018616087109237796 

8
 0.8704560475875743 0.12954395241242564 
 0.33651298357180714 0.663487016428193 
 0.367624343527958 0.632375656472042 
 0.367599569429494 0.6324004305705059 

16
 0.23232323232323232 0.7676767676767677 
 0.8688796680497926 0.13112033195020747 
 0.06485771012574455 0.9351422898742555 
 0.6168032786885246 0.3831967213114754 
 0.5661764705882353 0.4338235294117647 
 0.7611940298507462 0.23880597014925373 
 0.2598075499629904 0.7401924500370096 
 0.5040723981900452 0.49592760180995477 

4
 0.38820728804248306 0.6117927119575169 
 0.6867708562623818 0.31322914373761834 

16
 0.09473684210526317 0.9052631578947369 
 0.4629963898916968 0.5370036101083032 
 0.6641386782231853 0.33586132177681477 
 0.5709677419354838 0.42903225806451617 
 0.10834813499111903 0.891651865008881 
 0.4957369062119367 0.5042630937880633 
 0.7240634005763689 0.27593659942363113 
 0.5664297430289775 0.43357025697102247 

16
 0.3408239700374532 0.6591760299625468 
 0.7698209718670077 0.23017902813299232 
 0.5650224215246638 0.43497757847533636 
 0.4933978873239437 0.5066021126760564 
 0.8372093023255814 0.1627906976744186 
 0.5136186770428015 0.48638132295719844 
 0.6398976982097186 0.3601023017902813 
 0.4620206489675516 0.5379793510324483 

32
 0.5044722719141324 0.49552772808586765 
 0.4598930481283422 0.5401069518716578 
 0.7301587301587302 0.2698412698412698 
 0.6575342465753424 0.34246575342465757 
 0.5 0.5 
 0.33333333333333337 0.6666666666666667 
 0.2444444444444444 0.7555555555555555 
 0.5 0.5 
 0.4347262714609653 0.5652737285390347 
 0.3628652214891611 0.6371347785108389 
 0.661904761904762 0.3380952380952381 
 0.7160194174757282 0.28398058252427183 
 0.547153024911032 0.452846975088968 
 0.24028776978417266 0.7597122302158272 
 0.4192307692307692 0.5807692307692308 
 0.5138121546961326 0.4861878453038673 

16
 0.508147254073627 0.4918527459263729 
 0.07330361565131253 0.9266963843486874 
 0.6692913385826771 0.33070866141732286 
 0.3539518900343642 0.6460481099656357 
 0.36118363794604 0.63881636205396 
 0.8327892636924192 0.16721073630758065 
 0.678125 0.321875 
 0.5452380952380953 0.4547619047619048 

32
 0.1701492537313433 0.8298507462686566 
 0.6197289156626505 0.38027108433734935 
 0.4653614457831325 0.5346385542168673 
 0.7123745819397993 0.28762541806020064 
 0.46438746438746437 0.5356125356125356 
 0.8419897585954645 0.1580102414045355 
 0.6631578947368422 0.3368421052631579 
 0.0857142857142857 0.9142857142857143 
 0.6935933147632312 0.3064066852367688 
 0.6804979253112035 0.31950207468879666 
 0.27155172413793105 0.728448275862069 
 0.01935483870967742 0.9806451612903224 
 0.6220472440944882 0.3779527559055118 
 0.7381889763779528 0.2618110236220472 
 0.2077922077922078 0.7922077922077921 
 0.6257142857142857 0.37428571428571433 

4
 0.6866691059885351 0.3133308940114648 
 0.5523545706371191 0.4476454293628809 

64
 0.37001594896331735 0.6299840510366825 
 0.1854043392504931 0.814595660749507 
 0.7161716171617163 0.2838283828382838 
 0.3326959847036329 0.6673040152963671 
 0.3397129186602871 0.6602870813397129 
 0.6230366492146597 0.37696335078534027 
 0.5754716981132075 0.42452830188679247 
 0.6676136363636365 0.33238636363636365 
 0.6130198915009042 0.38698010849909587 
 0.6308203991130821 0.369179600886918 
 0.38558558558558553 0.6144144144144145 
 0.43581445523193096 0.564185544768069 
 0.49489795918367346 0.5051020408163265 
 0.02849002849002849 0.9715099715099715 
 0.46226415094339623 0.5377358490566038 
 0.19034090909090906 0.809659090909091 
 0.12631578947368421 0.8736842105263158 
 0.37628865979381443 0.6237113402061856 
 0.8717948717948718 0.1282051282051282 
 0.6307692307692307 0.36923076923076925 
 0.40540540540540543 0.5945945945945946 
 0.6197183098591549 0.38028169014084506 
 0.425 0.575 
 0.34375 0.65625 
 0.48039215686274506 0.5196078431372548 
 0.5555555555555556 0.4444444444444445 
 0.9333333333333333 0.06666666666666665 
 0.6358695652173914 0.3641304347826087 
 0.2972972972972973 0.7027027027027026 
 0.6271186440677965 0.37288135593220334 
 0.5365853658536586 0.46341463414634143 
 0.06 0.9400000000000001 

8
 0.049295774647887335 0.9507042253521127 
 0.5808477237048666 0.41915227629513346 
 0.35389681668496153 0.6461031833150384 
 0.5589381393083293 0.4410618606916708 

2
 0.846330733853229 0.15366926614677062 

4
 0.1111862115579588 0.8888137884420413 
 0.668417317246274 0.331582682753726 

8
 0.20817406645104378 0.7918259335489561 
 0.5008147745790331 0.4991852254209669 
 0.4220615964802012 0.5779384035197989 
 0.673611111111111 0.32638888888888884 

32
 0.27328431372549017 0.7267156862745098 
 0.4619883040935673 0.5380116959064327 
 0.31382978723404253 0.6861702127659575 
 0.8 0.2 
 0.029363784665579113 0.970636215334421 
 0.7931034482758621 0.20689655172413793 
 0.3818466353677621 0.6181533646322379 
 0.41129032258064513 0.5887096774193548 
 0.29280648429584605 0.7071935157041539 
 0.6933333333333335 0.3066666666666666 
 0.5693030540328896 0.4306969459671104 
 0.5560975609756098 0.4439024390243902 
 0.3089846603360117 0.6910153396639883 
 0.128 0.872 
 0.5730769230769232 0.42692307692307696 
 0.860215053763441 0.13978494623655913 

4
 0.3086724208795726 0.6913275791204275 
 0.003308680420397042 0.996691319579603 

8
 0.5666049294771335 0.43339507052286647 
 0.2246376811594203 0.7753623188405797 
 0.34764826175869123 0.6523517382413089 
 0.3642857142857143 0.6357142857142858 

2
 0.5458908218356328 0.4541091781643672 

2
 0.24435112977404505 0.7556488702259547 

8
 0.9455886873655088 0.05441131263449125 
 0.43896601244614647 0.5610339875538535 
 0.6119021540708288 0.38809784592917124 
 0.30825116761805915 0.6917488323819407 

16
 0.4032697547683924 0.5967302452316077 
 0.616398243045388 0.38360175695461196 
 0.5329416701636593 0.4670583298363408 
 0.030510018214936256 0.9694899817850636 
 0.6415841584158416 0.35841584158415835 
 0.5710900473933649 0.4289099526066351 
 0.4148471615720524 0.5851528384279476 
 0.3080536912751678 0.6919463087248322 

4
 0.4402672404031253 0.5597327595968745 
 0.7144075021312873 0.2855924978687127 

16
 0.5563380281690141 0.44366197183098594 
 0.582089552238806 0.417910447761194 
 0.28651685393258425 0.7134831460674158 
 0.49549549549549554 0.5045045045045045 
 0.25667351129363447 0.7433264887063655 
 0.5717299578059072 0.4282700421940928 
 0.6041131105398457 0.39588688946015427 
 0.8650858544562551 0.13491414554374492 

16
 0.3560538116591928 0.6439461883408071 
 0.5085599194360524 0.49144008056394756 
 0.5501824817518248 0.44981751824817523 
 0.06857727737973389 0.9314227226202662 
 0.23769430051813473 0.7623056994818653 
 0.10847701149425287 0.8915229885057471 
 0.5871862615587846 0.41281373844121527 
 0.6194945848375452 0.38050541516245484 

8
 0.3802163833075734 0.6197836166924267 
 0.8531960996749729 0.1468039003250271 
 0.9065194894791307 0.09348051052086925 
 0.19853867472915093 0.801461325270849 

