BAYES
45
2 2 2 2 2 2 2 2 2 2 2 2 2 2 2 2 2 2 2 2 2 2 2 2 2 2 2 2 2 2 2 2 2 2 2 2 2 2 2 2 2 2 2 2 2 
45
1 0 
2 0 35 
2 35 3 
2 35 27 
2 27 39 
2 39 1 
2 39 11 
2 39 25 
2 25 36 
2 36 16 
2 1 37 
2 37 21 
2 21 38 
2 38 22 
2 22 34 
2 22 43 
2 43 20 
2 34 14 
2 34 13 
2 35 29 
2 29 42 
2 43 2 
2 2 40 
2 40 6 
2 40 12 
2 40 9 
2 25 30 
2 43 26 
2 35 17 
2 37 24 
2 40 7 
2 25 33 
2 42 8 
2 2 32 
2 32 28 
2 32 4 
2 40 15 
2 14 19 
2 35 23 
2 24 31 
2 8 18 
2 35 5 
2 24 44 
2 21 10 
2 10 41 

2
 0.35772845430913824 0.6422715456908616 

4
 0.9829561329980443 0.017043867001955853 
 0.8333073929961089 0.16669260700389105 

4
 0.8614743011722271 0.13852569882777274 
 0.5821554770318021 0.4178445229681979 

4
 0.6115870153291254 0.3884129846708747 
 0.4363957597173145 0.5636042402826855 

4
 0.9523648648648649 0.04763513513513514 
 0.8594515181194907 0.1405484818805093 

4
 0.5711630957586358 0.4288369042413642 
 0.3341121495327103 0.6658878504672897 

4
 0.2925229558373415 0.7074770441626586 
 0.05490654205607477 0.9450934579439252 

4
 0.7916484477481416 0.20835155225185828 
 0.6004672897196262 0.39953271028037385 

4
 0.9891696750902527 0.010830324909747294 
 0.8741103202846975 0.1258896797153025 

4
 0.6656635882536059 0.33433641174639406 
 0.3269754768392371 0.6730245231607629 

4
 0.9940119760479041 0.005988023952095808 
 0.9479189850879145 0.05208101491208546 

4
 0.7269179418712128 0.2730820581287871 
 0.2958801498127341 0.7041198501872659 

4
 0.9944110660891434 0.005588933910856504 
 0.9146469968387776 0.08535300316122235 

4
 0.5044748482666392 0.49552515173336076 
 0.028268551236749116 0.9717314487632509 

4
 0.992671009771987 0.007328990228013033 
 0.9332285938727415 0.06677140612725845 

4
 0.9497149837133549 0.05028501628664495 
 0.8864886095836607 0.11351139041633937 

4
 0.6999673167011657 0.30003268329883426 
 0.3745454545454545 0.6254545454545454 

4
 0.5221229746572497 0.47787702534275034 
 0.11436170212765957 0.8856382978723404 

4
 0.7919609472372247 0.20803905276277523 
 0.4893617021276596 0.5106382978723404 

4
 0.6043733092876465 0.3956266907123534 
 0.48144876325088337 0.5185512367491166 

4
 0.9928897917724734 0.007110208227526666 
 0.9360507688552601 0.06394923114474003 

4
 0.35330646039873626 0.6466935396012637 
 0.2181818181818182 0.7818181818181817 

4
 0.9567630733274904 0.043236926672509494 
 0.8839082206351618 0.11609177936483815 

4
 0.7219533655961284 0.27804663440387156 
 0.41885964912280704 0.581140350877193 

4
 0.5093488781346238 0.4906511218653762 
 0.24999999999999994 0.7499999999999999 

4
 0.19357677078750546 0.8064232292124944 
 0.038377192982456135 0.9616228070175439 

4
 0.994198040226921 0.005801959773078906 
 0.9483985765124555 0.051601423487544484 

4
 0.8293931800849765 0.1706068199150234 
 0.7042424242424242 0.29575757575757583 

4
 0.48805229936880073 0.5119477006311993 
 0.3878091872791519 0.6121908127208481 

4
 0.8987367772414502 0.10126322275854986 
 0.6067415730337079 0.39325842696629215 

4
 0.1616805983282006 0.8383194016717993 
 0.055921052631578955 0.9440789473684211 

4
 0.9997421351211965 2.578648788035071E-4 
 0.9706405693950177 0.029359430604982206 

4
 0.31752577319587627 0.6824742268041237 
 0.09210526315789475 0.9078947368421053 

4
 0.9947414548641543 0.005258545135845747 
 0.9658106670718737 0.034189332928126426 

4
 0.8871017313799816 0.11289826862001842 
 0.3950617283950617 0.6049382716049383 

4
 0.4844790492777378 0.515520950722262 
 0.20987654320987653 0.7901234567901234 

4
 0.6639903211614606 0.3360096788385394 
 0.5844298245614035 0.4155701754385965 

4
 0.4577909270216963 0.5422090729783038 
 0.43352249695987033 0.5664775030401297 

4
 0.11124887285843103 0.888751127141569 
 0.05565371024734981 0.9443462897526501 

4
 0.9988780433075284 0.0011219566924716706 
 0.9660861594867094 0.03391384051329055 

4
 0.05212355212355212 0.9478764478764478 
 0.04031322505800464 0.9596867749419953 

4
 0.0492560865644725 0.9507439134355274 
 0.033568904593639586 0.9664310954063604 

4
 0.9998878043307527 1.1219566924716706E-4 
 0.9899175068744273 0.010082493125572868 

4
 0.9808579013553165 0.019142098644683525 
 0.9733052335792063 0.02669476642079381 

4
 0.999591461546318 4.085384536819528E-4 
 0.9389671361502347 0.061032863849765265 

