BAYES
45
2 2 2 2 2 2 2 2 2 2 2 2 2 2 2 2 2 2 2 2 2 2 2 2 2 2 2 2 2 2 2 2 2 2 2 2 2 2 2 2 2 2 2 2 2 
45
1 12 
2 12 16 
2 12 14 
2 14 21 
2 14 25 
2 12 7 
2 7 11 
2 7 29 
2 29 24 
2 24 37 
2 25 39 
2 39 27 
2 39 13 
2 13 17 
2 17 19 
2 13 26 
2 13 4 
2 4 0 
2 0 2 
2 2 6 
2 2 8 
2 6 22 
2 2 43 
2 43 20 
2 22 9 
2 13 1 
2 2 15 
2 0 35 
2 35 3 
2 3 28 
2 35 42 
2 25 33 
2 33 34 
2 25 36 
2 39 40 
2 40 23 
2 11 5 
2 23 30 
2 39 32 
2 42 18 
2 43 38 
2 30 10 
2 10 31 
2 10 41 
2 10 44 

2
 0.4803921568627451 0.519607843137255 

4
 0.5800000000000001 0.42000000000000004 
 0.8333333333333334 0.16666666666666666 

4
 0.62 0.38000000000000006 
 0.42592592592592593 0.5740740740740741 

4
 0.6666666666666667 0.33333333333333337 
 0.86 0.14 

4
 0.8333333333333334 0.16666666666666666 
 0.66 0.34 

4
 0.14 0.86 
 0.2962962962962963 0.7037037037037037 

4
 0.4782608695652174 0.5217391304347826 
 0.19753086419753088 0.8024691358024691 

4
 0.6956521739130435 0.30434782608695654 
 0.46913580246913583 0.5308641975308643 

4
 0.7777777777777779 0.2222222222222222 
 0.96 0.04000000000000001 

4
 0.9555555555555555 0.044444444444444446 
 0.642857142857143 0.35714285714285715 

4
 0.9230769230769231 0.07692307692307693 
 0.7307692307692308 0.2692307692307692 

4
 0.6703296703296703 0.32967032967032966 
 0.15384615384615385 0.8461538461538461 

4
 0.7912087912087913 0.20879120879120877 
 0.46153846153846156 0.5384615384615384 

4
 0.43589743589743596 0.5641025641025641 
 0.6923076923076922 0.30769230769230765 

4
 0.3653846153846154 0.6346153846153847 
 0.5769230769230769 0.4230769230769231 

4
 0.8717948717948718 0.1282051282051282 
 0.653846153846154 0.34615384615384615 

4
 0.3589743589743589 0.641025641025641 
 0.5769230769230769 0.4230769230769231 

4
 0.41860465116279066 0.5813953488372092 
 0.21311475409836064 0.7868852459016393 

4
 0.5483870967741935 0.45161290322580644 
 0.3561643835616438 0.6438356164383562 

4
 0.5581395348837209 0.4418604651162791 
 0.7868852459016393 0.21311475409836064 

4
 0.1627906976744186 0.8372093023255814 
 0.3770491803278688 0.6229508196721312 

4
 0.4444444444444445 0.5555555555555556 
 0.65625 0.34375 

4
 0.9534883720930232 0.04651162790697674 
 0.7868852459016393 0.21311475409836064 

4
 0.7191011235955056 0.28089887640449435 
 0.4 0.6 

4
 0.3018867924528302 0.6981132075471698 
 0.15686274509803919 0.8431372549019609 

4
 0.5 0.5 
 0.6923076923076922 0.30769230769230765 

4
 0.5581395348837209 0.4418604651162791 
 0.7049180327868854 0.29508196721311475 

4
 0.9677419354838709 0.03225806451612904 
 0.8219178082191781 0.1780821917808219 

4
 0.8222222222222222 0.17777777777777778 
 0.5 0.5 

4
 0.8148148148148148 0.18518518518518517 
 0.9565217391304348 0.04347826086956522 

4
 0.9666666666666666 0.03333333333333334 
 0.7857142857142857 0.2142857142857143 

4
 0.9871794871794873 0.012820512820512822 
 0.8846153846153845 0.11538461538461539 

4
 0.9700000000000001 0.029999999999999995 
 0.5 0.5 

4
 0.9871794871794873 0.012820512820512822 
 0.8846153846153845 0.11538461538461539 

4
 0.9560439560439561 0.043956043956043966 
 0.7692307692307694 0.23076923076923075 

4
 0.10309278350515463 0.8969072164948453 
 0.42857142857142855 0.5714285714285714 

4
 0.14814814814814814 0.8518518518518519 
 0.03896103896103896 0.961038961038961 

4
 0.8461538461538461 0.15384615384615385 
 0.989010989010989 0.010989010989010988 

4
 0.989010989010989 0.010989010989010988 
 0.8461538461538461 0.15384615384615385 

4
 0.040816326530612235 0.9591836734693877 
 0.33333333333333337 0.6666666666666667 

4
 0.9887640449438201 0.011235955056179775 
 0.8666666666666667 0.13333333333333333 

4
 0.9900990099009901 0.0099009900990099 
 0.6666666666666667 0.33333333333333337 

4
 0.9901960784313726 0.009803921568627453 
 0.5 0.5 

4
 0.9901960784313726 0.009803921568627453 
 0.5 0.5 

4
 0.9901960784313726 0.009803921568627453 
 0.5 0.5 

