BAYES
100
2 2 2 2 2 2 2 2 2 2 2 2 2 2 2 2 2 2 2 2 2 2 2 2 2 2 2 2 2 2 2 2 2 2 2 2 2 2 2 2 2 2 2 2 2 2 2 2 2 2 2 2 2 2 2 2 2 2 2 2 2 2 2 2 2 2 2 2 2 2 2 2 2 2 2 2 2 2 2 2 2 2 2 2 2 2 2 2 2 2 2 2 2 2 2 2 2 2 2 2 
100
6 70 19 5 54 64 0 
4 96 71 5 1 
2 60 2 
7 96 16 56 54 35 29 3 
4 70 53 93 4 
2 42 5 
3 52 2 6 
3 24 76 7 
3 83 42 8 
5 77 41 91 10 9 
3 55 22 10 
3 75 5 11 
3 28 53 12 
4 53 28 26 13 
4 44 32 61 14 
2 16 15 
3 60 65 16 
4 92 2 91 17 
3 93 82 18 
1 19 
5 0 8 81 3 20 
2 93 21 
1 22 
4 86 8 80 23 
1 24 
3 31 83 25 
1 26 
4 64 60 51 27 
3 83 14 28 
2 82 29 
4 68 44 42 30 
1 31 
2 9 32 
7 13 63 39 56 37 70 33 
3 51 42 34 
3 46 88 35 
3 61 17 36 
2 46 37 
4 35 31 18 38 
2 44 39 
3 18 34 40 
1 41 
3 92 48 42 
2 54 43 
2 2 44 
2 13 45 
3 90 92 46 
3 61 49 47 
1 48 
2 90 49 
5 52 97 25 35 50 
6 31 26 65 90 49 51 
3 91 32 52 
1 53 
5 68 58 77 24 54 
2 16 55 
2 77 56 
2 98 57 
3 5 12 58 
2 42 59 
1 60 
1 61 
3 47 41 62 
2 60 63 
7 39 56 83 18 80 54 64 
1 65 
2 53 66 
5 73 61 53 24 67 
2 16 68 
4 29 9 11 69 
2 69 70 
2 18 71 
4 7 53 25 72 
3 29 99 73 
2 85 74 
3 64 94 75 
4 92 28 82 76 
2 92 77 
4 33 76 73 78 
4 84 56 52 79 
5 24 15 44 32 80 
4 50 57 30 81 
5 15 5 32 98 82 
2 2 83 
6 86 37 15 43 67 84 
3 55 5 85 
1 86 
2 61 87 
3 77 58 88 
5 1 59 8 86 89 
2 91 90 
3 44 22 91 
1 92 
1 93 
3 17 46 94 
4 46 60 72 95 
2 6 96 
4 36 24 69 97 
4 53 87 5 98 
3 39 38 99 

64
 0.4 0.6 
 0.6666666666666667 0.33333333333333337 
 0.4 0.6 
 0.5555555555555556 0.4444444444444445 
 0.875 0.125 
 0.7499999999999999 0.24999999999999994 
 0.8333333333333334 0.16666666666666666 
 0.33333333333333337 0.6666666666666667 
 0.26 0.74 
 0.8444444444444446 0.15555555555555556 
 0.1842105263157895 0.8157894736842105 
 0.5932203389830508 0.4067796610169491 
 0.048780487804878064 0.9512195121951219 
 0.5111111111111111 0.4888888888888889 
 0.14285714285714285 0.8571428571428571 
 0.5645161290322581 0.4354838709677419 
 0.5 0.5 
 0.5 0.5 
 0.5555555555555556 0.4444444444444445 
 0.8888888888888888 0.1111111111111111 
 0.5714285714285714 0.42857142857142855 
 0.2 0.8 
 0.6666666666666667 0.33333333333333337 
 0.5 0.5 
 0.2894736842105263 0.7105263157894737 
 0.5571428571428572 0.44285714285714284 
 0.0945945945945946 0.9054054054054054 
 0.45 0.55 
 0.2361111111111111 0.7638888888888888 
 0.21311475409836064 0.7868852459016393 
 0.5666666666666667 0.43333333333333335 
 0.45238095238095233 0.5476190476190476 

16
 0.3709677419354838 0.629032258064516 
 0.3944954128440368 0.6055045871559633 
 0.03759398496240601 0.9624060150375939 
 0.3504273504273504 0.6495726495726497 
 0.0802919708029197 0.9197080291970804 
 0.7068965517241379 0.2931034482758621 
 0.366412213740458 0.6335877862595419 
 0.44966442953020136 0.5503355704697986 

4
 0.6367713004484306 0.36322869955156956 
 0.8950064020486556 0.10499359795134441 

128
 0.625 0.375 
 0.7499999999999999 0.24999999999999994 
 0.4444444444444445 0.5555555555555556 
 0.5833333333333334 0.41666666666666663 
 0.33333333333333337 0.6666666666666667 
 0.875 0.125 
 0.8999999999999999 0.1 
 0.5 0.5 
 0.23333333333333336 0.7666666666666666 
 0.9655172413793103 0.034482758620689655 
 0.2857142857142857 0.7142857142857143 
 0.4242424242424242 0.5757575757575757 
 0.33333333333333337 0.6666666666666667 
 0.16666666666666666 0.8333333333333334 
 0.3636363636363636 0.6363636363636362 
 0.41666666666666663 0.5833333333333334 
 0.6 0.4 
 0.2222222222222222 0.7777777777777779 
 0.5714285714285714 0.42857142857142855 
 0.5 0.5 
 0.5 0.5 
 0.5 0.5 
 0.6666666666666667 0.33333333333333337 
 0.33333333333333337 0.6666666666666667 
 0.7391304347826086 0.26086956521739135 
 0.5714285714285714 0.42857142857142855 
 0.30434782608695654 0.6956521739130435 
 0.36 0.64 
 0.7619047619047619 0.2380952380952381 
 0.35000000000000003 0.65 
 0.76 0.24 
 0.6 0.4 
 0.375 0.625 
 0.4 0.6 
 0.16666666666666666 0.8333333333333334 
 0.625 0.375 
 0.33333333333333337 0.6666666666666667 
 0.125 0.875 
 0.5714285714285714 0.42857142857142855 
 0.6666666666666667 0.33333333333333337 
 0.5806451612903226 0.4193548387096774 
 0.8214285714285714 0.1785714285714286 
 0.41025641025641024 0.5897435897435898 
 0.33333333333333337 0.6666666666666667 
 0.6060606060606061 0.3939393939393939 
 0.6 0.4 
 0.475 0.525 
 0.24489795918367346 0.7551020408163265 
 0.1111111111111111 0.8888888888888888 
 0.33333333333333337 0.6666666666666667 
 0.6666666666666667 0.33333333333333337 
 0.5 0.5 
 0.33333333333333337 0.6666666666666667 
 0.33333333333333337 0.6666666666666667 
 0.14285714285714285 0.8571428571428571 
 0.33333333333333337 0.6666666666666667 
 0.2857142857142857 0.7142857142857143 
 0.3809523809523809 0.6190476190476191 
 0.14285714285714285 0.8571428571428571 
 0.25806451612903225 0.7419354838709677 
 0.6296296296296297 0.37037037037037035 
 0.6875 0.3125 
 0.5555555555555556 0.4444444444444445 
 0.3793103448275862 0.6206896551724137 

16
 0.20930232558139533 0.7906976744186047 
 0.2977099236641222 0.7022900763358778 
 0.25454545454545463 0.7454545454545456 
 0.8426966292134831 0.15730337078651685 
 0.5625 0.4375 
 0.7869822485207101 0.21301775147928992 
 0.7113402061855669 0.28865979381443296 
 0.5304659498207885 0.4695340501792115 

4
 0.8632958801498128 0.13670411985018727 
 0.12340425531914893 0.8765957446808511 

8
 0.9588235294117647 0.04117647058823529 
 0.4406779661016949 0.559322033898305 
 0.978131212723658 0.021868787276341946 
 0.5188679245283019 0.4811320754716981 

8
 0.3809523809523809 0.6190476190476191 
 0.2839506172839506 0.7160493827160495 
 0.772020725388601 0.22797927461139897 
 0.4937238493723849 0.5062761506276151 

8
 0.7899159663865546 0.2100840336134454 
 0.48039215686274506 0.5196078431372548 
 0.5642458100558659 0.43575418994413406 
 0.21686746987951808 0.783132530120482 

32
 0.65 0.35000000000000003 
 0.18045112781954886 0.8195488721804511 
 0.14285714285714285 0.8571428571428571 
 0.32558139534883723 0.6744186046511628 
 0.8846153846153845 0.11538461538461539 
 0.7846153846153847 0.2153846153846154 
 0.4375 0.5625 
 0.6666666666666667 0.33333333333333337 
 0.6875 0.3125 
 0.2018348623853211 0.798165137614679 
 0.7142857142857143 0.2857142857142857 
 0.15702479338842976 0.8429752066115702 
 0.04166666666666666 0.9583333333333334 
 0.5384615384615384 0.46153846153846156 
 0.3225806451612903 0.6774193548387096 
 0.06451612903225808 0.935483870967742 

8
 0.3897058823529411 0.6102941176470589 
 0.3846153846153846 0.6153846153846154 
 0.20391061452513967 0.7960893854748604 
 0.5461538461538462 0.4538461538461539 

8
 0.3984674329501916 0.6015325670498085 
 0.25096525096525096 0.7490347490347489 
 0.23846153846153847 0.7615384615384615 
 0.6447368421052632 0.35526315789473684 

8
 0.34196891191709844 0.6580310880829016 
 0.7282229965156795 0.27177700348432055 
 0.942857142857143 0.05714285714285715 
 0.11006289308176101 0.889937106918239 

16
 0.5754716981132075 0.42452830188679247 
 0.5168539325842697 0.48314606741573035 
 0.6140350877192983 0.38596491228070173 
 0.32653061224489793 0.673469387755102 
 0.6666666666666667 0.33333333333333337 
 0.6691176470588236 0.3308823529411765 
 0.5535714285714286 0.44642857142857145 
 0.22368421052631582 0.7763157894736841 

16
 0.6139240506329114 0.3860759493670886 
 0.4812680115273775 0.5187319884726225 
 0.4132231404958677 0.5867768595041323 
 0.4549763033175356 0.5450236966824644 
 0.3513513513513514 0.6486486486486487 
 0.898550724637681 0.10144927536231886 
 0.631578947368421 0.3684210526315789 
 0.055555555555555566 0.9444444444444444 

4
 0.9636678200692043 0.03633217993079585 
 0.4154929577464789 0.5845070422535211 

8
 0.23026315789473684 0.7697368421052632 
 0.1643835616438356 0.8356164383561644 
 0.9444444444444444 0.055555555555555566 
 0.15325670498084293 0.8467432950191571 

16
 0.4789915966386554 0.5210084033613445 
 0.6437246963562754 0.35627530364372473 
 0.4193548387096774 0.5806451612903226 
 0.5166666666666667 0.4833333333333333 
 0.9180327868852458 0.0819672131147541 
 0.1229050279329609 0.8770949720670391 
 0.8108108108108107 0.1891891891891892 
 0.5609756097560976 0.4390243902439024 

8
 0.23021582733812954 0.7697841726618705 
 0.2931034482758621 0.7068965517241379 
 0.32984293193717273 0.6701570680628273 
 0.6522911051212938 0.3477088948787062 

2
 0.07385229540918167 0.9261477045908184 

32
 0.9019607843137254 0.09803921568627452 
 0.5490196078431373 0.45098039215686275 
 0.0576923076923077 0.9423076923076923 
 0.140625 0.859375 
 0.5 0.5 
 0.4230769230769231 0.5769230769230769 
 0.5957446808510639 0.4042553191489362 
 0.8518518518518519 0.14814814814814814 
 0.24324324324324326 0.7567567567567568 
 0.3298969072164949 0.6701030927835051 
 0.055555555555555566 0.9444444444444444 
 0.7373737373737373 0.26262626262626265 
 0.31746031746031744 0.6825396825396826 
 0.417910447761194 0.582089552238806 
 0.47540983606557374 0.5245901639344263 
 0.5428571428571429 0.4571428571428572 

4
 0.1976284584980237 0.8023715415019763 
 0.7030625832223701 0.2969374167776298 

2
 0.8473053892215567 0.15269461077844304 

16
 0.5485436893203883 0.45145631067961167 
 0.62453531598513 0.3754646840148698 
 0.24999999999999994 0.7499999999999999 
 0.47058823529411764 0.5294117647058824 
 0.10714285714285714 0.8928571428571429 
 0.48717948717948717 0.5128205128205128 
 0.34375 0.65625 
 0.5405405405405405 0.45945945945945943 

2
 0.1407185628742514 0.8592814371257484 

8
 0.9907975460122699 0.009202453987730067 
 0.4198895027624309 0.580110497237569 
 0.5222551928783382 0.4777448071216617 
 0.22560975609756098 0.774390243902439 

2
 0.5329341317365269 0.46706586826347296 

16
 0.3207547169811321 0.679245283018868 
 0.09090909090909094 0.9090909090909091 
 0.48165137614678905 0.5183486238532111 
 0.6129032258064516 0.3870967741935484 
 0.3484848484848485 0.6515151515151515 
 0.2727272727272727 0.7272727272727273 
 0.5529953917050692 0.4470046082949309 
 0.9187817258883249 0.08121827411167513 

8
 0.7339449541284404 0.26605504587155965 
 0.5148809523809524 0.48511904761904767 
 0.28402366863905326 0.7159763313609467 
 0.10795454545454546 0.8920454545454546 

4
 0.34296724470134876 0.6570327552986512 
 0.6597938144329897 0.3402061855670103 

16
 0.5519713261648745 0.44802867383512546 
 0.4814814814814815 0.5185185185185186 
 0.8235294117647058 0.1764705882352941 
 0.5306122448979592 0.4693877551020408 
 0.08074534161490682 0.9192546583850932 
 0.2755905511811024 0.7244094488188977 
 0.59375 0.40625 
 0.5 0.5 

2
 0.5029940119760478 0.4970059880239519 

4
 0.664864864864865 0.3351351351351352 
 0.5662460567823344 0.43375394321766564 

128
 0.6666666666666667 0.33333333333333337 
 0.33333333333333337 0.6666666666666667 
 0.6666666666666667 0.33333333333333337 
 0.5714285714285714 0.42857142857142855 
 0.56 0.44 
 0.4117647058823529 0.5882352941176471 
 0.8235294117647058 0.1764705882352941 
 0.3548387096774194 0.6451612903225806 
 0.6 0.4 
 0.2857142857142857 0.7142857142857143 
 0.5714285714285714 0.42857142857142855 
 0.1818181818181818 0.8181818181818181 
 0.6052631578947368 0.39473684210526316 
 0.021739130434782608 0.9782608695652175 
 0.1818181818181818 0.8181818181818181 
 0.2711864406779661 0.728813559322034 
 0.5714285714285714 0.42857142857142855 
 0.8333333333333334 0.16666666666666666 
 0.4 0.6 
 0.6 0.4 
 0.5 0.5 
 0.7222222222222222 0.2777777777777778 
 0.6 0.4 
 0.21052631578947367 0.7894736842105263 
 0.8 0.2 
 0.5 0.5 
 0.5 0.5 
 0.6 0.4 
 0.3095238095238095 0.6904761904761905 
 0.17391304347826084 0.8260869565217391 
 0.5483870967741935 0.45161290322580644 
 0.52 0.48 
 0.4 0.6 
 0.16666666666666666 0.8333333333333334 
 0.24999999999999994 0.7499999999999999 
 0.33333333333333337 0.6666666666666667 
 0.3684210526315789 0.631578947368421 
 0.8333333333333334 0.16666666666666666 
 0.24999999999999994 0.7499999999999999 
 0.3181818181818182 0.6818181818181818 
 0.2222222222222222 0.7777777777777779 
 0.5833333333333334 0.41666666666666663 
 0.2857142857142857 0.7142857142857143 
 0.6666666666666667 0.33333333333333337 
 0.6590909090909092 0.34090909090909094 
 0.15686274509803919 0.8431372549019609 
 0.13888888888888887 0.861111111111111 
 0.3090909090909091 0.6909090909090909 
 0.6666666666666667 0.33333333333333337 
 0.5714285714285714 0.42857142857142855 
 0.24999999999999994 0.7499999999999999 
 0.7499999999999999 0.24999999999999994 
 0.8461538461538461 0.15384615384615385 
 0.2222222222222222 0.7777777777777779 
 0.7272727272727273 0.2727272727272727 
 0.33333333333333337 0.6666666666666667 
 0.42857142857142855 0.5714285714285714 
 0.6923076923076922 0.30769230769230765 
 0.5 0.5 
 0.2727272727272727 0.7272727272727273 
 0.92 0.07999999999999999 
 0.4230769230769231 0.5769230769230769 
 0.8999999999999999 0.1 
 0.2285714285714286 0.7714285714285715 

8
 0.686832740213523 0.31316725978647686 
 0.4907063197026022 0.5092936802973977 
 0.9137254901960785 0.0862745098039216 
 0.43842364532019706 0.5615763546798029 

8
 0.396078431372549 0.6039215686274509 
 0.5826086956521739 0.41739130434782606 
 0.8051948051948052 0.19480519480519481 
 0.19291338582677164 0.8070866141732284 

8
 0.8426966292134831 0.15730337078651685 
 0.869281045751634 0.13071895424836602 
 0.26190476190476186 0.738095238095238 
 0.13712374581939799 0.862876254180602 

4
 0.5501672240802675 0.4498327759197324 
 0.5172413793103448 0.48275862068965514 

16
 0.3434343434343434 0.6565656565656566 
 0.7142857142857143 0.2857142857142857 
 0.11999999999999998 0.8800000000000001 
 0.45112781954887216 0.5488721804511278 
 0.425 0.575 
 0.3310344827586207 0.6689655172413793 
 0.5294117647058824 0.47058823529411764 
 0.2483660130718955 0.7516339869281047 

4
 0.38748495788206977 0.6125150421179302 
 0.04046242774566474 0.9595375722543352 

8
 0.28911564625850333 0.7108843537414966 
 0.7071428571428571 0.29285714285714287 
 0.764872521246459 0.23512747875354104 
 0.8099547511312218 0.19004524886877827 

2
 0.654690618762475 0.34530938123752486 

8
 0.7165354330708662 0.2834645669291339 
 0.7484276729559749 0.2515723270440252 
 0.49246231155778897 0.507537688442211 
 0.07594936708860761 0.9240506329113924 

4
 0.9686847599164927 0.0313152400835073 
 0.07238095238095239 0.9276190476190477 

4
 0.8561236623067776 0.14387633769322236 
 0.6809815950920245 0.31901840490797545 

4
 0.7648183556405354 0.23518164435946462 
 0.9147609147609147 0.08523908523908524 

8
 0.6794871794871794 0.3205128205128205 
 0.625 0.375 
 0.6072874493927125 0.39271255060728744 
 0.5533707865168539 0.44662921348314605 

8
 0.9285714285714286 0.07142857142857144 
 0.4946236559139785 0.5053763440860215 
 0.08235294117647059 0.9176470588235295 
 0.8263473053892215 0.17365269461077842 

2
 0.44910179640718567 0.5508982035928142 

4
 0.9230769230769231 0.07692307692307693 
 0.7099056603773584 0.29009433962264153 

32
 0.1111111111111111 0.8888888888888888 
 0.11999999999999998 0.8800000000000001 
 0.21276595744680854 0.7872340425531916 
 0.6388888888888888 0.36111111111111116 
 0.39215686274509803 0.6078431372549019 
 0.1320754716981132 0.8679245283018868 
 0.7352941176470589 0.2647058823529412 
 0.39534883720930236 0.6046511627906977 
 0.5842696629213483 0.41573033707865165 
 0.3793103448275862 0.6206896551724137 
 0.5507246376811594 0.4492753623188406 
 0.8873239436619719 0.11267605633802817 
 0.4246575342465753 0.5753424657534246 
 0.22105263157894736 0.7789473684210526 
 0.44230769230769224 0.5576923076923077 
 0.6785714285714286 0.32142857142857145 

64
 0.3225806451612903 0.6774193548387096 
 0.5 0.5 
 0.059405940594059396 0.9405940594059407 
 0.3783783783783784 0.6216216216216216 
 0.2142857142857143 0.7857142857142857 
 0.33333333333333337 0.6666666666666667 
 0.4385964912280702 0.5614035087719298 
 0.6521739130434783 0.34782608695652173 
 0.9629629629629629 0.037037037037037035 
 0.6 0.4 
 0.9052631578947369 0.09473684210526317 
 0.42857142857142855 0.5714285714285714 
 0.23529411764705885 0.7647058823529411 
 0.6666666666666667 0.33333333333333337 
 0.6739130434782609 0.32608695652173914 
 0.4642857142857143 0.5357142857142857 
 0.8461538461538461 0.15384615384615385 
 0.5 0.5 
 0.3243243243243244 0.6756756756756757 
 0.62 0.38000000000000006 
 0.8888888888888888 0.1111111111111111 
 0.5 0.5 
 0.4736842105263158 0.5263157894736843 
 0.08695652173913046 0.9130434782608695 
 0.47058823529411764 0.5294117647058824 
 0.5 0.5 
 0.8529411764705881 0.14705882352941177 
 0.5142857142857143 0.48571428571428577 
 0.6 0.4 
 0.24999999999999994 0.7499999999999999 
 0.8958333333333334 0.10416666666666666 
 0.782608695652174 0.21739130434782608 

8
 0.3833333333333334 0.6166666666666667 
 0.6 0.4 
 0.5309446254071661 0.46905537459283386 
 0.046296296296296294 0.9537037037037037 

2
 0.3992015968063871 0.6007984031936128 

32
 0.7777777777777779 0.2222222222222222 
 0.33495145631067963 0.6650485436893204 
 0.625 0.375 
 0.4888888888888889 0.5111111111111111 
 0.9375 0.0625 
 0.9139784946236558 0.08602150537634409 
 0.3846153846153846 0.6153846153846154 
 0.011111111111111113 0.9888888888888888 
 0.18750000000000003 0.8125 
 0.6862745098039216 0.3137254901960784 
 0.6153846153846154 0.3846153846153846 
 0.4565217391304348 0.5434782608695653 
 0.7499999999999999 0.24999999999999994 
 0.3454545454545455 0.6545454545454545 
 0.4 0.6 
 0.3793103448275862 0.6206896551724137 

4
 0.24221453287197228 0.7577854671280276 
 0.04694835680751172 0.9530516431924884 

4
 0.24904214559386975 0.7509578544061302 
 0.045643153526970945 0.9543568464730291 

4
 0.8260869565217391 0.17391304347826084 
 0.8881355932203391 0.111864406779661 

8
 0.5095785440613027 0.49042145593869735 
 0.9153846153846152 0.08461538461538459 
 0.26315789473684204 0.7368421052631579 
 0.9874999999999999 0.0125 

4
 0.6273408239700374 0.37265917602996257 
 0.5595744680851064 0.44042553191489364 

2
 0.2215568862275451 0.7784431137724553 

2
 0.32734530938123746 0.672654690618762 

8
 0.7641196013289037 0.23588039867109634 
 0.8561643835616439 0.14383561643835616 
 0.3994413407821229 0.6005586592178771 
 0.32019704433497537 0.6798029556650246 

4
 0.17488789237668162 0.8251121076233184 
 0.6978233034571064 0.3021766965428937 

128
 0.7499999999999999 0.24999999999999994 
 0.5 0.5 
 0.5714285714285714 0.42857142857142855 
 0.14285714285714285 0.8571428571428571 
 0.5 0.5 
 0.5 0.5 
 0.24999999999999994 0.7499999999999999 
 0.5555555555555556 0.4444444444444445 
 0.33333333333333337 0.6666666666666667 
 0.33333333333333337 0.6666666666666667 
 0.6666666666666667 0.33333333333333337 
 0.24999999999999994 0.7499999999999999 
 0.5 0.5 
 0.5 0.5 
 0.6666666666666667 0.33333333333333337 
 0.8 0.2 
 0.33333333333333337 0.6666666666666667 
 0.26315789473684204 0.7368421052631579 
 0.5 0.5 
 0.42857142857142855 0.5714285714285714 
 0.26666666666666666 0.7333333333333333 
 0.625 0.375 
 0.5405405405405405 0.45945945945945943 
 0.33333333333333337 0.6666666666666667 
 0.5 0.5 
 0.5714285714285714 0.42857142857142855 
 0.41666666666666663 0.5833333333333334 
 0.35000000000000003 0.65 
 0.42857142857142855 0.5714285714285714 
 0.2727272727272727 0.7272727272727273 
 0.09090909090909094 0.9090909090909091 
 0.6666666666666667 0.33333333333333337 
 0.5384615384615384 0.46153846153846156 
 0.14285714285714285 0.8571428571428571 
 0.4444444444444445 0.5555555555555556 
 0.8461538461538461 0.15384615384615385 
 0.1 0.8999999999999999 
 0.33333333333333337 0.6666666666666667 
 0.07692307692307693 0.9230769230769231 
 0.625 0.375 
 0.375 0.625 
 0.8 0.2 
 0.6666666666666667 0.33333333333333337 
 0.4 0.6 
 0.7142857142857143 0.2857142857142857 
 0.24999999999999994 0.7499999999999999 
 0.7142857142857143 0.2857142857142857 
 0.7777777777777779 0.2222222222222222 
 0.8 0.2 
 0.2727272727272727 0.7272727272727273 
 0.32608695652173914 0.6739130434782609 
 0.8095238095238095 0.19047619047619047 
 0.5849056603773585 0.41509433962264153 
 0.86 0.14 
 0.7446808510638298 0.2553191489361702 
 0.05882352941176471 0.9411764705882353 
 0.8 0.2 
 0.4444444444444445 0.5555555555555556 
 0.7619047619047619 0.2380952380952381 
 0.7931034482758621 0.20689655172413793 
 0.48 0.52 
 0.15 0.85 
 0.7419354838709677 0.25806451612903225 
 0.15151515151515152 0.8484848484848484 

2
 0.6696606786427142 0.33033932135728533 

4
 0.5261845386533666 0.47381546134663344 
 0.615257048092869 0.38474295190713104 

32
 0.07692307692307693 0.9230769230769231 
 0.5555555555555556 0.4444444444444445 
 0.07692307692307693 0.9230769230769231 
 0.7571428571428571 0.24285714285714285 
 0.3125 0.6875 
 0.6407766990291263 0.35922330097087374 
 0.19354838709677422 0.8064516129032258 
 0.0684931506849315 0.9315068493150686 
 0.2727272727272727 0.7272727272727273 
 0.2647058823529412 0.7352941176470589 
 0.2222222222222222 0.7777777777777779 
 0.39473684210526316 0.6052631578947368 
 0.08695652173913046 0.9130434782608695 
 0.38620689655172413 0.6137931034482759 
 0.3225806451612903 0.6774193548387096 
 0.49484536082474223 0.5051546391752577 

4
 0.9740484429065744 0.0259515570934256 
 0.2276995305164319 0.772300469483568 

16
 0.32857142857142857 0.6714285714285714 
 0.4545454545454546 0.5454545454545454 
 0.4833333333333333 0.5166666666666667 
 0.5129533678756477 0.48704663212435234 
 0.2602739726027397 0.7397260273972603 
 0.5714285714285714 0.42857142857142855 
 0.6134453781512605 0.38655462184873957 
 0.6778846153846154 0.32211538461538464 

4
 0.3821292775665399 0.6178707224334601 
 0.41841004184100417 0.5815899581589958 

4
 0.43287037037037035 0.5671296296296297 
 0.5122377622377622 0.48776223776223776 

16
 0.5695364238410596 0.4304635761589404 
 0.46511627906976744 0.5348837209302325 
 0.5971563981042654 0.40284360189573465 
 0.43795620437956206 0.5620437956204379 
 0.45098039215686275 0.5490196078431373 
 0.5 0.5 
 0.5855263157894737 0.4144736842105263 
 0.5045871559633027 0.49541284403669733 

8
 0.6386861313868613 0.36131386861313863 
 0.03982300884955753 0.9601769911504425 
 0.21201413427561838 0.7879858657243817 
 0.7644444444444444 0.2355555555555555 

4
 0.3812785388127854 0.6187214611872146 
 0.9840989399293285 0.015901060070671373 

8
 0.8861209964412811 0.11387900355871884 
 0.3418367346938775 0.6581632653061225 
 0.3710144927536232 0.6289855072463768 
 0.4086021505376344 0.5913978494623656 

16
 0.22292993630573246 0.7770700636942676 
 0.8244274809160305 0.17557251908396948 
 0.049295774647887335 0.9507042253521127 
 0.5821917808219177 0.41780821917808214 
 0.5520833333333334 0.44791666666666663 
 0.8200000000000001 0.18 
 0.2230769230769231 0.7769230769230768 
 0.4736842105263158 0.5263157894736843 

4
 0.3982456140350877 0.6017543859649123 
 0.6797235023041475 0.32027649769585254 

16
 0.1111111111111111 0.8888888888888888 
 0.4684684684684685 0.5315315315315317 
 0.627906976744186 0.37209302325581395 
 0.4477611940298507 0.5522388059701492 
 0.09009009009009011 0.9099099099099098 
 0.49333333333333335 0.5066666666666667 
 0.7042253521126761 0.295774647887324 
 0.6069651741293532 0.39303482587064675 

16
 0.3225806451612903 0.6774193548387096 
 0.7948717948717949 0.2051282051282051 
 0.5705882352941176 0.4294117647058824 
 0.46120689655172414 0.5387931034482759 
 0.8064516129032258 0.19354838709677422 
 0.49122807017543857 0.5087719298245614 
 0.6023391812865497 0.39766081871345027 
 0.48771929824561394 0.512280701754386 

32
 0.4444444444444445 0.5555555555555556 
 0.47058823529411764 0.5294117647058824 
 0.6875 0.3125 
 0.33333333333333337 0.6666666666666667 
 0.55 0.45 
 0.46153846153846156 0.5384615384615384 
 0.33333333333333337 0.6666666666666667 
 0.24999999999999994 0.7499999999999999 
 0.41666666666666663 0.5833333333333334 
 0.34259259259259256 0.6574074074074073 
 0.6507936507936507 0.3492063492063492 
 0.7045454545454545 0.2954545454545454 
 0.5853658536585366 0.4146341463414634 
 0.2054794520547945 0.7945205479452055 
 0.31999999999999995 0.6799999999999999 
 0.65 0.35000000000000003 

16
 0.5163398692810458 0.4836601307189542 
 0.09389671361502347 0.9061032863849766 
 0.642857142857143 0.35714285714285715 
 0.4444444444444445 0.5555555555555556 
 0.3047210300429185 0.6952789699570814 
 0.8534798534798536 0.14652014652014655 
 0.7352941176470589 0.2647058823529412 
 0.5272727272727273 0.4727272727272728 

32
 0.24074074074074073 0.7592592592592593 
 0.6 0.4 
 0.303030303030303 0.696969696969697 
 0.6625 0.3375 
 0.42857142857142855 0.5714285714285714 
 0.8444444444444446 0.15555555555555556 
 0.7333333333333333 0.26666666666666666 
 0.12371134020618557 0.8762886597938144 
 0.8666666666666667 0.13333333333333333 
 0.6938775510204082 0.30612244897959184 
 0.2380952380952381 0.7619047619047619 
 0.025641025641025633 0.9743589743589742 
 0.6470588235294118 0.35294117647058826 
 0.717391304347826 0.2826086956521739 
 0.35294117647058826 0.6470588235294118 
 0.48484848484848486 0.5151515151515151 

4
 0.6789536266349584 0.32104637336504166 
 0.5521472392638037 0.44785276073619634 

64
 0.38888888888888884 0.6111111111111112 
 0.14851485148514854 0.8514851485148516 
 0.7580645161290323 0.24193548387096772 
 0.3482142857142857 0.6517857142857143 
 0.42857142857142855 0.5714285714285714 
 0.6226415094339622 0.37735849056603776 
 0.47058823529411764 0.5294117647058824 
 0.696969696969697 0.303030303030303 
 0.6666666666666667 0.33333333333333337 
 0.7012987012987013 0.2987012987012987 
 0.43103448275862066 0.5689655172413793 
 0.3647058823529412 0.6352941176470589 
 0.4782608695652174 0.5217391304347826 
 0.1290322580645161 0.8709677419354839 
 0.5769230769230769 0.4230769230769231 
 0.24390243902439027 0.7560975609756097 
 0.1818181818181818 0.8181818181818181 
 0.2727272727272727 0.7272727272727273 
 0.8333333333333334 0.16666666666666666 
 0.6363636363636362 0.3636363636363636 
 0.2 0.8 
 0.5555555555555556 0.4444444444444445 
 0.5 0.5 
 0.16666666666666666 0.8333333333333334 
 0.375 0.625 
 0.6190476190476191 0.3809523809523809 
 0.9411764705882353 0.05882352941176471 
 0.6666666666666667 0.33333333333333337 
 0.2857142857142857 0.7142857142857143 
 0.8571428571428571 0.14285714285714285 
 0.6 0.4 
 0.2 0.8 

8
 0.048780487804878064 0.9512195121951219 
 0.625 0.375 
 0.3553530751708428 0.6446469248291572 
 0.5651105651105651 0.4348894348894349 

2
 0.8433133732534931 0.15668662674650707 

4
 0.09422492401215807 0.9057750759878419 
 0.6681481481481482 0.33185185185185184 

8
 0.18361581920903952 0.8163841807909604 
 0.5529411764705883 0.44705882352941173 
 0.42946708463949845 0.5705329153605015 
 0.6848484848484849 0.3151515151515152 

32
 0.2142857142857143 0.7857142857142857 
 0.2857142857142857 0.7142857142857143 
 0.2894736842105263 0.7105263157894737 
 0.8461538461538461 0.15384615384615385 
 0.037735849056603765 0.9622641509433961 
 0.7647058823529411 0.23529411764705885 
 0.2898550724637681 0.7101449275362319 
 0.3636363636363636 0.6363636363636362 
 0.3317073170731707 0.6682926829268292 
 0.7073170731707317 0.2926829268292683 
 0.5259259259259259 0.4740740740740741 
 0.43333333333333335 0.5666666666666667 
 0.34959349593495936 0.6504065040650406 
 0.14814814814814814 0.8518518518518519 
 0.594059405940594 0.40594059405940597 
 0.8421052631578947 0.15789473684210525 

4
 0.32091097308488614 0.6790890269151139 
 0.0019193857965451046 0.998080614203455 

8
 0.5599435825105783 0.4400564174894217 
 0.24999999999999994 0.7499999999999999 
 0.3636363636363636 0.6363636363636362 
 0.15625 0.84375 

2
 0.5678642714570857 0.43213572854291404 

2
 0.2514970059880239 0.7485029940119756 

8
 0.9309309309309309 0.06906906906906908 
 0.4439461883408072 0.5560538116591929 
 0.6104868913857678 0.3895131086142322 
 0.2918918918918919 0.7081081081081081 

16
 0.4025974025974026 0.5974025974025974 
 0.5185185185185186 0.4814814814814815 
 0.5450819672131147 0.45491803278688525 
 0.034934497816593885 0.965065502183406 
 0.6346153846153847 0.3653846153846154 
 0.5217391304347826 0.4782608695652174 
 0.4233128834355828 0.5766871165644172 
 0.28476821192052987 0.7152317880794702 

4
 0.43924191750278707 0.5607580824972129 
 0.7757009345794392 0.22429906542056077 

16
 0.4864864864864865 0.5135135135135135 
 0.6071428571428572 0.3928571428571429 
 0.24324324324324326 0.7567567567567568 
 0.46327683615819204 0.5367231638418078 
 0.2051282051282051 0.7948717948717949 
 0.5909090909090909 0.4090909090909091 
 0.5977859778597786 0.40221402214022145 
 0.8893617021276596 0.11063829787234043 

16
 0.41071428571428575 0.5892857142857144 
 0.5176470588235295 0.4823529411764706 
 0.5689655172413793 0.43103448275862066 
 0.10638297872340426 0.8936170212765957 
 0.24822695035460995 0.75177304964539 
 0.1 0.8999999999999999 
 0.5705128205128206 0.4294871794871795 
 0.7098765432098766 0.29012345679012347 

8
 0.3658536585365854 0.6341463414634146 
 0.8653846153846154 0.13461538461538464 
 0.897887323943662 0.10211267605633803 
 0.19592875318066155 0.8040712468193385 

