BAYES
45
2 2 2 2 2 2 2 2 2 2 2 2 2 2 2 2 2 2 2 2 2 2 2 2 2 2 2 2 2 2 2 2 2 2 2 2 2 2 2 2 2 2 2 2 2 
45
1 1 
2 1 29 
2 1 26 
2 26 38 
2 38 40 
2 38 43 
2 1 12 
2 12 3 
2 3 24 
2 24 4 
2 4 8 
2 4 9 
2 8 25 
2 9 20 
2 20 21 
2 24 14 
2 4 17 
2 17 23 
2 17 19 
2 19 2 
2 9 16 
2 16 27 
2 14 15 
2 15 28 
2 20 6 
2 23 13 
2 13 22 
2 22 5 
2 5 0 
2 24 34 
2 34 35 
2 25 7 
2 7 18 
2 2 39 
2 5 10 
2 10 11 
2 10 30 
2 10 31 
2 10 32 
2 10 33 
2 10 36 
2 10 37 
2 10 41 
2 10 42 
2 10 44 

2
 0.5833333333333334 0.41666666666666663 

4
 0.875 0.125 
 0.16666666666666666 0.8333333333333334 

4
 0.875 0.125 
 0.5 0.5 

4
 0.8999999999999999 0.1 
 0.5 0.5 

4
 0.9090909090909091 0.09090909090909094 
 0.33333333333333337 0.6666666666666667 

4
 0.9090909090909091 0.09090909090909094 
 0.33333333333333337 0.6666666666666667 

4
 0.375 0.625 
 0.6666666666666667 0.33333333333333337 

4
 0.42857142857142855 0.5714285714285714 
 0.8571428571428571 0.14285714285714285 

4
 0.8888888888888888 0.1111111111111111 
 0.4 0.6 

4
 0.7 0.29999999999999993 
 0.24999999999999994 0.7499999999999999 

4
 0.625 0.375 
 0.16666666666666666 0.8333333333333334 

4
 0.24999999999999994 0.7499999999999999 
 0.6666666666666667 0.33333333333333337 

4
 0.5 0.5 
 0.875 0.125 

4
 0.5 0.5 
 0.875 0.125 

4
 0.29999999999999993 0.7 
 0.7499999999999999 0.24999999999999994 

4
 0.7 0.29999999999999993 
 0.24999999999999994 0.7499999999999999 

4
 0.5 0.5 
 0.8333333333333334 0.16666666666666666 

4
 0.1111111111111111 0.8888888888888888 
 0.6 0.4 

4
 0.33333333333333337 0.6666666666666667 
 0.8 0.2 

4
 0.14285714285714285 0.8571428571428571 
 0.5714285714285714 0.42857142857142855 

4
 0.8333333333333334 0.16666666666666666 
 0.5 0.5 

4
 0.33333333333333337 0.6666666666666667 
 0.8 0.2 

4
 0.5 0.5 
 0.8333333333333334 0.16666666666666666 

4
 0.8888888888888888 0.1111111111111111 
 0.2 0.8 

4
 0.8999999999999999 0.1 
 0.5 0.5 

4
 0.5 0.5 
 0.8999999999999999 0.1 

4
 0.1818181818181818 0.8181818181818181 
 0.6666666666666667 0.33333333333333337 

4
 0.5 0.5 
 0.1 0.8999999999999999 

4
 0.6666666666666667 0.33333333333333337 
 0.1818181818181818 0.8181818181818181 

4
 0.8999999999999999 0.1 
 0.5 0.5 

4
 0.9090909090909091 0.09090909090909094 
 0.33333333333333337 0.6666666666666667 

4
 0.1 0.8999999999999999 
 0.5 0.5 

4
 0.6666666666666667 0.33333333333333337 
 0.09090909090909094 0.9090909090909091 

4
 0.6 0.4 
 0.8888888888888888 0.1111111111111111 

4
 0.6666666666666667 0.33333333333333337 
 0.9090909090909091 0.09090909090909094 

4
 0.08333333333333331 0.9166666666666667 
 0.5 0.5 

4
 0.9166666666666667 0.08333333333333331 
 0.5 0.5 

4
 0.9166666666666667 0.08333333333333331 
 0.5 0.5 

4
 0.9166666666666667 0.08333333333333331 
 0.5 0.5 

4
 0.9166666666666667 0.08333333333333331 
 0.5 0.5 

4
 0.9166666666666667 0.08333333333333331 
 0.5 0.5 

4
 0.9166666666666667 0.08333333333333331 
 0.5 0.5 

4
 0.9166666666666667 0.08333333333333331 
 0.5 0.5 

4
 0.9166666666666667 0.08333333333333331 
 0.5 0.5 

4
 0.9166666666666667 0.08333333333333331 
 0.5 0.5 

