2_17_s.binary.uai 2_17_s.binary.uai.evid 1 0 3 100 0
-76.76172989978204
0.237936315
-74.92892573679946
0.237721724
-85.9029179712635
0.248237664
-76.01744825287562
0.23684003
-85.13064367698873
0.235393867
-79.03939645814536
0.235484369
-80.88492913846872
0.236521408
-81.18649758790757
0.236149137
-76.28674429299483
0.237073749
-75.5612390672902
0.234018146
2_28_s.binary.uai 2_28_s.binary.uai.evid 1 0 3 100 0
-97.3732501635258
0.195827773
-93.7024670109346
0.196388977
-91.12274638293499
0.195867891
-100.60184218783257
0.198825996
-100.7354760498252
0.196102077
-89.04035914401236
0.197971825
-100.98413321789496
0.198080521
-98.4912750039434
0.194364348
-98.01360779393794
0.195449904
-92.0788127372225
0.196434228
17_4_s.binary.uai 17_4_s.binary.uai.evid 1 0 3 100 0
-87.39373285990615
0.228694866
-93.02850802729635
0.227236573
-91.4432436386129
0.232221171
-87.35310166777954
0.227348534
-76.14823447737301
0.228839482
-88.53349081291522
0.227844895
-89.17661113311613
0.227747396
-91.02379995074223
0.228006306
-86.71938012819393
0.229212685
-91.90128481998957
0.230369616
54.wcsp.uai 54.wcsp.uai.evid 1 0 3 100 0
15.765696853990494
0.135996265
6.921052941162035
0.136778592
4.293105806460823
0.136151144
13.163052334862323
0.138341848
8.554814096492462
0.134613545
9.374018231922802
0.137018842
12.551300022297532
0.136383463
7.86653669710986
0.136680159
12.597406810792306
0.137316938
8.757163598402473
0.13660132
404.wcsp.uai 404.wcsp.uai.evid 1 0 3 100 0
-118.54193825930881
0.114886945
-37.61705507659828
0.11439105
-77.83965332783306
0.116006555
-61.968411982624076
0.113691295
-125.49475201857837
0.114620105
-86.40786634353408
0.116038278
-54.35899602891247
0.114257631
-96.76302073243237
0.115382373
-74.94563904226207
0.114603777
-114.09450467594763
0.113590529
grid16_5.uai grid16_5.uai.evid 1 0 3 100 0
183.07797016994724
0.266188748
178.89420523524984
0.26931526
175.57576309616442
0.268811902
177.61822111223734
0.269278407
174.6825601300311
0.272181463
178.82205465833778
0.268370589
176.9831491185991
0.266480313
175.45500904508947
0.267269639
176.33521511887187
0.268281953
176.24028071999143
0.269588632
grid18_10.uai grid18_10.uai.evid 1 0 3 100 0
300.44175485534424
0.365291055
307.60477598272576
0.370155761
302.05333403874306
0.369151377
295.40358915147556
0.366229195
295.727951209893
0.368214637
296.16293787479884
0.366336491
295.21661548198875
0.367213519
295.1786734768475
0.370672182
299.6098530412553
0.369014692
296.8294829969994
0.370817264
2_17_s.binary.uai 2_17_s.binary.uai.evid 1 0 3 100 1
-88.24779044631728
0.242874264
-86.3299545355597
0.241025507
-80.30858089505104
0.242321456
-78.46817883580421
0.241156595
-87.82443677451309
0.24196318
-84.95682272839223
0.241936124
-81.16015718560915
0.241674881
-79.7726205226449
0.243946757
-84.45678296213909
0.244060584
-82.59136734760119
0.240622447
2_28_s.binary.uai 2_28_s.binary.uai.evid 1 0 3 100 1
-100.47508251757685
0.203611397
-89.19855788695072
0.202855659
-95.75009637819166
0.201817221
-99.40412586830702
0.203921155
-98.22776759793472
0.203691635
-94.31610329859588
0.202679787
-92.22769723853277
0.203761144
-93.07467825578426
0.203193409
-92.6519134995393
0.201520524
-98.50262310352927
0.203966406
17_4_s.binary.uai 17_4_s.binary.uai.evid 1 0 3 100 1
-86.45897678202081
0.233339382
-86.75398319774504
0.235685432
-92.6380984895227
0.235051453
-95.03047698301667
0.23684003
-96.70066577037078
0.238806813
-87.28341277419013
0.233165843
-86.76673446293813
0.235050987
-77.65107042459874
0.234843392
-92.89631601983035
0.235843111
-81.31824862091689
0.23516528
54.wcsp.uai 54.wcsp.uai.evid 1 0 3 100 1
8.455760264193746
0.140461644
16.748548068520407
0.138755637
11.661356324454355
0.139773083
15.907718827307935
0.140157949
12.98451835324412
0.138297996
8.401552660378808
0.138349312
13.20319798478651
0.139831396
8.816467366245602
0.141031246
8.212168566323575
0.138272805
7.168441836654985
0.141006987
404.wcsp.uai 404.wcsp.uai.evid 1 0 3 100 1
-76.80171913075502
0.120796622
-102.47075783271883
0.120542376
-130.557592069104
0.119488543
-114.29057811441034
0.127104226
-89.31533414496892
0.120278335
-65.98318365984844
0.122519888
-69.48060395123457
0.121874713
-74.00599351942226
0.119530529
-70.08371201757924
0.120203695
-94.80477875802525
0.119570648
grid16_5.uai grid16_5.uai.evid 1 0 3 100 1
177.8543358785991
0.275449792
179.99067993647245
0.272323746
175.9686871320209
0.272088162
176.8063748331735
0.276447645
177.2726068291868
0.27443981
176.72321199917707
0.273793235
176.91723171158952
0.276621184
177.0519874867311
0.272632572
174.86030219524227
0.276165876
178.88390675421923
0.27215114
grid18_10.uai grid18_10.uai.evid 1 0 3 100 1
298.1002831905844
0.375848979
298.706997427191
0.378615816
292.7209557037346
0.379336099
298.0451159056721
0.375965139
294.59629379181825
0.376751666
295.3226290313128
0.381497414
294.7795136642
0.378601355
295.9941549813877
0.37488285
296.296927164812
0.377663215
298.42730279875815
0.37931464
2_17_s.binary.uai 2_17_s.binary.uai.evid 1 0 3 1000 0
-72.26133899421485
2.010278489
-70.78174937049344
2.022037197
-73.44803137267174
2.004587136
-69.45082320820909
2.004297437
-76.4921244311083
2.003557095
-73.5383880711194
1.98300898
-66.97617338506224
2.005875155
-80.74381501308137
2.00523931
-69.62384989801463
2.009229787
-71.35996183410592
2.001950921
2_28_s.binary.uai 2_28_s.binary.uai.evid 1 0 3 1000 0
-84.82645430481948
1.601460252
-90.51431914962872
1.599449618
-89.96729084675339
1.613210095
-85.48620187510615
1.593037983
-87.1646636550948
1.596739229
-94.97304723068578
1.604678665
-90.209813567614
1.610775409
-87.11396181807459
1.605815536
-78.79376145219416
1.604369839
-93.17895393567022
1.606639382
17_4_s.binary.uai 17_4_s.binary.uai.evid 1 0 3 1000 0
-79.75098610765171
1.927913891
-82.66392438205867
1.91369344
-78.22654557976256
1.918650048
-81.31841466215576
1.930298194
-85.54097578198447
1.977428657
-87.48532631703826
2.01471821
-80.14382136798334
2.082801247
-78.47804850918875
2.043338249
-81.02850922484997
1.987215449
-84.18602352045443
1.967309712
54.wcsp.uai 54.wcsp.uai.evid 1 0 3 1000 0
16.44988518170697
1.172170407
12.710608579468435
1.191861552
16.05293001344173
1.186798581
14.587185308658551
1.192053286
12.943448026731588
1.179408688
16.651607583851085
1.197850068
15.407042145507656
1.188825543
15.16029393188536
1.129273471
16.339870809174165
1.119175986
13.103817844963665
1.132118681
404.wcsp.uai 404.wcsp.uai.evid 1 0 3 1000 0
-74.96978331399721
0.869120822
-79.06829946879272
0.870328135
-63.44796320330723
0.868352489
-62.10903871948658
0.869958196
-59.05480898068453
0.870391579
-91.2749452248053
0.86810011
-74.07919422832704
0.872365825
-70.92785707656618
0.869550938
-59.516282507012846
0.857814623
-78.82987560622891
0.872253397
grid16_5.uai grid16_5.uai.evid 1 0 3 1000 0
182.8511370794659
2.333195093
184.23289317239482
2.402864243
178.96074960852053
2.368654084
179.47976438243782
2.375258852
186.63392856298546
2.401125582
181.53538192196748
2.379067859
179.65557144466084
2.367603983
180.6937692749015
2.387989753
180.03475732092747
2.361314105
182.3836133449515
2.33926618
grid18_10.uai grid18_10.uai.evid 1 0 3 1000 0
308.8589088936772
3.358104556
304.8049276901816
3.354210178
302.7631405548752
3.397620735
300.5482277912127
3.34858227
306.6512465213726
3.432395365
301.79343374966857
3.330520623
300.9874982871525
3.406841659
311.96701105168637
3.505963558
305.07890999333523
3.449262294
298.77376051982463
3.363557524
2_17_s.binary.uai 2_17_s.binary.uai.evid 1 0 3 1000 1
-71.5632244040303
2.054822185
-74.29508586142556
2.051099014
-67.85410842989648
2.050957663
-79.87546995185868
2.04241597
-72.15184178184185
2.030947894
-71.61916749955236
2.041482495
-72.66095122088848
2.043457208
-63.145848837247854
2.046587917
-69.94124002322201
2.044838527
-77.18835333270763
2.038166115
2_28_s.binary.uai 2_28_s.binary.uai.evid 1 0 3 1000 1
-91.62992814553603
1.711860825
-92.07993272441658
1.676786233
-91.49881465188008
1.683689564
-86.807970397999
1.680820095
-86.60314397214476
1.681054747
-91.25176483940055
1.726640148
-93.0901530178354
1.670779058
-90.79647401654877
1.670212254
-73.17791262993072
1.658023897
-92.41172346035276
1.651888433
17_4_s.binary.uai 17_4_s.binary.uai.evid 1 0 3 1000 1
-72.54296538922928
1.96459279
-82.65568417833225
1.994182691
-83.81392017410172
1.972383413
-79.46779516066542
1.994547032
-78.15666231146672
1.993275807
-73.59067840851709
1.96904744
-82.33299058797918
1.968677502
-85.42731705153317
1.981675712
-78.34782348988536
1.971452737
-79.60674942616897
1.991933674
54.wcsp.uai 54.wcsp.uai.evid 1 0 3 1000 1
11.585951340053748
1.138164576
12.527832934691952
1.154483829
12.495029851157673
1.191590981
11.73321045043164
1.196455221
14.478149076752548
1.17070605
13.154578341697288
1.191111414
10.958487338299387
1.162610801
12.123828140040377
1.18299937
7.168809386405838
1.163966463
14.612650656626691
1.150593183
404.wcsp.uai 404.wcsp.uai.evid 1 0 3 1000 1
-67.64138090885227
0.913302044
-65.63015034598268
0.915136805
-58.65976162826703
0.932854171
-90.13600350628012
0.955228183
-81.77376092296244
0.908754093
-65.58857922652423
0.93810701
-45.2459515795521
0.93446781
-74.13244720731817
0.929128202
-38.670614980292385
0.907933512
-66.86264454031723
0.906318007
grid16_5.uai grid16_5.uai.evid 1 0 3 1000 1
180.97920648373542
2.430936139
174.22537094489542
2.413164658
176.26213141217482
2.469308916
175.87535523166608
2.377401972
174.9189226475574
2.423873264
178.88030547618268
2.418915723
176.46206793266094
2.43948623
172.31352865223673
2.383422677
180.94648318678637
2.472557652
175.11152048803729
2.419050076
grid18_10.uai grid18_10.uai.evid 1 0 3 1000 1
296.4509389101312
3.395484611
292.62753746651
3.509492196
295.76551047393843
3.547129762
294.9022692712605
3.436132064
294.1202150367187
3.472978439
292.4117755272046
3.463542456
305.6442622781698
3.469102255
294.2853091428808
3.487524976
292.7806511612363
3.458567188
295.73838118229133
3.45294721
2_17_s.binary.uai 2_17_s.binary.uai.evid 1 0 3 10000 0
-69.19000732058237
20.30976818
-69.51587737120745
19.920505336
-66.48688341981585
20.524279916
-66.32309448619714
20.170609017
-67.48716356733959
20.209879814
-72.43597494808809
20.253699963
-68.66288840107325
20.144682574
-69.905298954241
19.635670877
-71.45949595622274
20.294364208
-67.55387298851247
19.900721355
2_28_s.binary.uai 2_28_s.binary.uai.evid 1 0 3 10000 0
-84.92382500216347
15.868668312
-82.70187656290163
15.846385734
-85.78754200033772
15.817856665
-78.18039522943518
15.644447689
-87.24071672157065
15.635993699
-84.70607127867983
15.738980119
-84.8559542562067
15.633742349
-88.76467694970911
15.660694634
-82.0748311240759
15.850702766
-84.78303141379637
15.630932593
17_4_s.binary.uai 17_4_s.binary.uai.evid 1 0 3 10000 0
-77.1719150525496
18.805021732
-75.33920378643585
18.846473438
-73.88704817585051
18.87057305
-73.26487938133013
18.84348921
-76.46183603588189
18.840388356
-77.70937288000133
18.796137625
-75.66564086143386
18.800456055
-71.89301202564195
18.685396503
-78.08472613687996
18.854836926
-75.40819022606885
19.211507915
54.wcsp.uai 54.wcsp.uai.evid 1 0 3 10000 0
16.685753214419904
11.163670698
17.026229949247238
11.070703391
16.363895300505025
11.107184959
15.79496406897385
11.190120092
16.68716437853249
10.970121333
16.558542629076364
10.896945003
17.254718041862443
10.983651357
16.394986632671202
11.051970444
16.599848697408177
10.859446922
16.62549082161075
10.922154429
404.wcsp.uai 404.wcsp.uai.evid 1 0 3 10000 0
-48.76343366309444
8.294155214
-43.16935434773806
8.288465262
-39.66773808979723
8.292069474
-30.556314279980977
8.343235198
-57.15805002087023
8.313068698
-60.11040714414885
8.330928814
-42.24663802130005
8.250689144
-31.609943291960644
8.331820305
-43.02512615471641
8.285293033
-47.9440097199321
8.263689685
grid16_5.uai grid16_5.uai.evid 1 0 3 10000 0
182.2515116757187
22.769041655
182.7758962374492
22.766246362
182.26893779581584
22.565132629
185.53857502670846
22.716905602
183.5659190356562
22.668593952
181.8976981626248
22.71386586
182.09695980496986
22.75511557
183.87042195372445
22.657163663
184.021338257035
22.707302612
182.0404761002941
22.732108511
grid18_10.uai grid18_10.uai.evid 1 0 3 10000 0
304.69759277362147
32.266230268
302.9617700567931
32.436498736
308.4632645837688
32.352213073
305.5186205260278
32.469402216
307.29335396376143
32.400104404
304.0518887805005
32.350674075
307.74614993188493
32.433420741
306.2812037519399
32.348570141
306.3017712220269
32.26032479
309.02850614810905
32.380471571
2_17_s.binary.uai 2_17_s.binary.uai.evid 1 0 3 10000 1
-68.82133269093627
19.978488554
-64.99805322841456
20.039197557
-65.51221647370227
20.004395403
-61.2128863222087
20.059286631
-67.82204022520975
19.966009564
-68.29435363854077
19.907781898
-69.2705423870432
19.981662183
-62.0083853694391
20.048467463
-70.84809811229702
20.053875181
-64.46303071003939
20.011938778
2_28_s.binary.uai 2_28_s.binary.uai.evid 1 0 3 10000 1
-86.1770628840276
16.262559346
-76.03255840231208
16.031353754
-86.92132414593469
16.046520274
-89.23452005828868
16.027293767
-86.21873543296458
16.063977332
-83.91688352366097
16.066415283
-79.18817587836558
15.980338244
-87.55415673914716
16.080029278
-84.37677677357242
16.05009743
-86.82880443155736
16.078255629
17_4_s.binary.uai 17_4_s.binary.uai.evid 1 0 3 10000 1
-76.1019970679881
19.215205894
-73.51990961427386
19.247148376
-77.50350993816889
19.083929254
-71.90755126957046
19.153624528
-76.34388455970718
19.180101912
-75.36199709829201
19.149713356
-79.88603337146243
19.164062095
-73.93478179790563
19.199342882
-74.71155625513657
19.203621659
-77.17295245804907
19.235990993
54.wcsp.uai 54.wcsp.uai.evid 1 0 3 10000 1
11.801218956391287
11.046139607
11.303411217666028
11.017710369
6.273420593119155
10.992957185
12.396937414025633
11.191867151
9.700513864044412
11.175905707
11.988035931430504
11.034040819
10.425817190886752
11.029851609
10.528916906537695
11.028451164
12.818402350102566
11.031703165
14.57089945969528
11.077768132
404.wcsp.uai 404.wcsp.uai.evid 1 0 3 10000 1
-44.124424154551626
8.605040672
-48.275996725752016
8.590764242
-57.12268206060618
8.52339449
-42.93518350461308
8.616257768
-46.83397093173104
8.640569639
-20.370344672596257
8.653789904
-26.68086668883981
8.589682885
-32.09702478335399
8.566838636
-51.201815411787805
8.643054708
-43.52512755970571
8.599185577
grid16_5.uai grid16_5.uai.evid 1 0 3 10000 1
176.38827146976547
23.069065494
175.64381532201904
23.081119965
178.366755765715
23.106183374
177.85611150607426
23.30212404
176.13370302213374
23.143442606
175.98982665825181
23.051428366
180.89521445580593
23.319883859
179.28954109563372
23.158234991
182.0856006190944
23.091425045
174.45075272167256
23.148637132
grid18_10.uai grid18_10.uai.evid 1 0 3 10000 1
294.8372941644005
33.045431454
293.6923052460384
33.076014075
298.3219562690872
33.104176473
290.0914594534099
32.970128797
295.65948401122887
33.144166154
289.9280204661722
33.092966841
299.48856930306465
32.892168932
295.7220739322371
33.021655596
295.84273170071776
32.971225549
294.34006258293954
32.973037452
2_17_s.binary.uai 2_17_s.binary.uai.evid 1 0 3 20000 0
-66.8426906915021
39.030669392
-66.67863417330099
39.053285986
-63.43509293392365
38.781709579
-56.36414554938056
38.983951786
-62.11982294898485
39.091954994
-67.25555567808766
39.055336273
-65.91265494079327
38.854236535
-66.49656824979525
38.911094079
-64.28770381978549
39.086088236
-65.12458816282422
38.994426673
2_28_s.binary.uai 2_28_s.binary.uai.evid 1 0 3 20000 0
-88.17636923411388
31.178962243
-73.62798236772525
31.142296405
-85.33298040019481
31.075577427
-80.62855756650644
31.045207064
-82.80703162683035
30.956433164
-80.41794465212192
31.094440995
-81.15976045573697
31.103097448
-83.71816519357611
31.182823965
-77.42692741771916
31.037410378
-86.32345615747228
31.007433279
17_4_s.binary.uai 17_4_s.binary.uai.evid 1 0 3 20000 0
-75.95879782559759
37.468558311
-76.61499029127074
37.301681328
-77.98537030594768
37.358867291
-74.09487575747227
37.425141222
-76.13240883871475
37.406371889
-76.76598480684528
37.380354478
-77.2122124356456
37.438075988
-74.12115092452142
37.180218538
-70.90365052282556
37.362865232
-74.03897351225486
37.609495321
54.wcsp.uai 54.wcsp.uai.evid 1 0 3 20000 0
15.986668997902996
21.872309378
15.451067336363018
21.744767105
16.37919370681844
21.730213571
16.181883319216098
21.734975646
16.002868535143826
21.644410836
16.48581767378782
21.848539118
16.44010379374918
21.786578485
16.062088770564603
21.86886611
16.177064748774864
21.746219799
16.32936707251969
21.800269452
404.wcsp.uai 404.wcsp.uai.evid 1 0 3 20000 0
-44.184585675111926
16.502357946
-40.090494435374374
16.683225392
-28.50400850239882
16.392576891
-42.00939216676502
16.450568972
-30.61519967941091
16.55414692
-36.821589820621156
16.518074942
-19.803575272454708
16.466239784
-42.92282839855274
16.497657915
-28.7984911310804
16.475942607
-30.351021560039285
16.534145548
grid16_5.uai grid16_5.uai.evid 1 0 3 20000 0
183.76622701834557
45.067699102
184.43206105515054
45.077762534
184.4628187901599
45.177823506
184.71246170505066
45.199896157
184.74292221341335
45.281497553
183.85384085998058
45.215763833
184.22181618771253
45.047422494
183.66813123922512
45.257224402
184.62233802049826
45.196344659
186.28149241404103
45.156705789
grid18_10.uai grid18_10.uai.evid 1 0 3 20000 0
310.07316086314427
64.360817278
313.87601542001994
64.404533861
306.2469509925703
64.441735713
308.2201954486102
63.983087353
306.7288299713989
64.352665115
306.3712792974105
64.756498288
308.67269508048867
64.614598878
308.0389362408039
64.440076357
309.5737822042481
64.357485505
304.18635450119916
64.383425942
2_17_s.binary.uai 2_17_s.binary.uai.evid 1 0 3 20000 1
-68.0076677605441
39.956004447
-62.43683150377687
39.925325725
-68.02588690293473
39.869074171
-61.99041668628707
39.849295322
-66.78670488340634
39.897330336
-65.80103547269431
39.889014431
-64.03971090576435
39.904532695
-59.97665754683375
39.852583244
-67.94249003293905
39.913084653
-70.49915033561697
39.788883483
2_28_s.binary.uai 2_28_s.binary.uai.evid 1 0 3 20000 1
-80.73160129353892
32.093245811
-82.14029905279584
31.955744604
-81.10562892172828
32.061403628
-82.88175580881513
32.190579599
-75.01282663879842
32.418576107
-84.87710841985063
32.013105971
-77.7987994050645
32.028156799
-81.63962893000604
32.108252321
-81.76703072716492
32.167959273
-87.69914476667782
31.850807729
17_4_s.binary.uai 17_4_s.binary.uai.evid 1 0 3 20000 1
-76.8551348358251
38.191241102
-71.23050479435503
38.501709505
-76.35654458891803
38.350285011
-77.82345376249371
38.295736197
-74.87808783198018
38.310427817
-70.56393071130779
38.322883948
-76.49994694254038
38.219379708
-77.48226550811631
38.318257625
-79.02495881427012
38.498089431
-75.01951226509914
38.501072726
54.wcsp.uai 54.wcsp.uai.evid 1 0 3 20000 1
12.307755815051802
22.057757896
14.63839667035295
22.133295671
11.890622459686991
22.052433217
13.22649983209379
22.001696677
14.262320423065788
22.116163301
9.1104408669986
22.160051091
14.04217825629
22.03277006
5.408876030259915
22.009162144
10.69784699981217
22.071015948
7.9310295494837675
22.002116064
404.wcsp.uai 404.wcsp.uai.evid 1 0 3 20000 1
-47.59808566060574
17.195937401
-32.35417895277505
17.206515386
-24.037700403495236
17.163735076
-41.06680494601541
17.185490503
-38.40217464268573
17.208192935
-23.64652407919718
17.190768533
-40.197338578670845
17.254548533
-35.896659643893045
17.21637682
-49.114174849715056
17.27368174
2.433217868058719
17.249843371
grid16_5.uai grid16_5.uai.evid 1 0 3 20000 1
176.2414265929923
46.435024116
174.70028867558247
46.180094915
174.5878020068752
46.028332672
175.27888374988444
46.203143026
175.48437117764752
46.215809084
175.58984197751337
46.372125808
176.34598301047617
46.275763749
176.95751383903018
46.255953644
174.3664948566733
46.122867434
175.0967739750168
46.489991384
grid18_10.uai grid18_10.uai.evid 1 0 3 20000 1
302.26207624479036
65.945207671
289.05430764164805
66.006949048
293.47270086761876
65.868914626
298.7359496582733
66.032899282
298.96049208546765
65.965914398
294.96756201105075
66.013592069
294.09780726188194
65.937434311
302.64912360784535
66.74753954
293.5583462267466
65.948167175
295.85328723132477
66.045053585
2_17_s.binary.uai 2_17_s.binary.uai.evid 1 0 4 100 0
-57.800338293118415
0.390485085
-54.8340747147556
0.390059633
-57.01711456932441
0.390117946
-56.578055868601076
0.387957565
-65.90653444623496
0.387438345
-55.688914699974255
0.391383106
-58.69702971125721
0.393426861
-61.52899563008113
0.389669169
-63.45623096012549
0.392897845
-53.26123867866849
0.390412777
2_28_s.binary.uai 2_28_s.binary.uai.evid 1 0 4 100 0
-47.224833819730186
0.439257642
-42.44086816590017
0.439503024
-51.97221317822064
0.439022991
-55.78192418968277
0.4414852
-49.280987986638316
0.447051529
-47.410758532805865
0.441691396
-61.34036356997181
0.444402252
-50.626584540996404
0.439949001
-58.92703925738096
0.442163031
-58.57129647763826
0.440458425
17_4_s.binary.uai 17_4_s.binary.uai.evid 1 0 4 100 0
-62.97049743382001
0.592555618
-64.43159263052313
0.595284668
-66.35701432250691
0.593734008
-70.364763652407
0.593969125
-67.98605112859792
0.594515403
-66.33735706478494
0.595512789
-56.314253722537735
0.595875729
-62.78083099832746
0.591596485
-69.72540478921444
0.594753786
-66.34852260771277
0.598901476
54.wcsp.uai 54.wcsp.uai.evid 1 0 4 100 0
16.61855456479833
0.2714052
11.543761314919056
0.271477975
9.114575355167055
0.272266366
12.267405348315814
0.271524625
15.620491900061708
0.27001455
12.131147730059556
0.268365458
8.098690070228193
0.270165231
13.247683379904112
0.271265248
16.118934735328065
0.269671669
8.318244539266676
0.270411546
404.wcsp.uai 404.wcsp.uai.evid 1 0 4 100 0
-90.2974344076539
0.136800984
-104.80389977275938
0.136901749
-99.64734318948061
0.137144798
-90.53795007680151
0.136437111
-95.90244089968083
0.137363122
-103.87892422709376
0.139287919
-86.28611897696892
0.137159726
-106.95436614611742
0.136139948
-77.94436743797789
0.137629029
-94.2816300174679
0.135918824
grid16_5.uai grid16_5.uai.evid 1 0 4 100 0
194.84844651835147
69.179292994
194.84844651835147
68.765693554
194.84844651835147
68.831319979
194.84844651835147
68.880743309
194.84844651835147
68.942096088
194.84844651835147
68.996500284
194.84844651835147
68.85980473
194.84844651835147
68.120544243
194.84844651835147
69.108157621
194.84844651835147
69.348424592
grid18_10.uai grid18_10.uai.evid 1 0 4 100 0
Exception in thread "main" java.lang.OutOfMemoryError: Java heap space
	at java.util.Arrays.copyOf(Unknown Source)
	at java.util.Arrays.copyOf(Unknown Source)
	at java.util.ArrayList.grow(Unknown Source)
	at java.util.ArrayList.ensureCapacityInternal(Unknown Source)
	at java.util.ArrayList.ensureCapacity(Unknown Source)
	at utd.cs.pgm.core.function.Function.productSumOut(Function.java:147)
	at utd.cs.pgm.ve.BucketEliminator.eliminate(BucketEliminator.java:128)
	at utd.cs.pgm.ve.WCutsetBucketEliminator.eliminate(WCutsetBucketEliminator.java:63)
	at utd.cs.pgm.core.graphmodel.GraphModel.computeZorP(GraphModel.java:238)
	at utd.cs.pgm.core.Main.main(Main.java:19)
