2_17_s.binary.uai 2_17_s.binary.uai.evid 1 0 3 100 0
-82.76634366958218
0.23449398
-80.0703001294215
0.243574486
-81.05572311022723
0.25827497
-75.30334154781471
0.241417837
-76.53063678991673
0.249347944
-79.58310959037269
0.241710336
-76.45536263092512
0.235475039
-77.43281591850574
0.240938738
-87.42087468326785
0.249611052
-82.73631833871721
0.240516085
2_28_s.binary.uai 2_28_s.binary.uai.evid 1 0 3 100 0
-95.95305887864971
0.205281016
-97.63888118098993
0.205484877
-103.6771781196398
0.199569137
-97.52640365204347
0.218815238
-106.44254152229836
0.197791755
-95.28549266602334
0.201010168
-93.75605839314053
0.202188559
-96.55467020246714
0.198662719
-95.67749115091188
0.204850898
-93.95198336298596
0.198397278
17_4_s.binary.uai 17_4_s.binary.uai.evid 1 0 3 100 0
-93.01127008684924
0.229254205
-89.04231345489168
0.228401901
-86.86111758169184
0.227940061
-88.00927948121668
0.228371578
-93.67774411434105
0.228469544
-85.94412476664615
0.229546236
-89.97277138100402
0.228769973
-76.29864544376655
0.227229576
-78.63286280966658
0.230214736
-83.71628685503727
0.227397517
54.wcsp.uai 54.wcsp.uai.evid 1 0 3 100 0
7.251935807663273
0.137901935
7.399493038965053
0.135817127
6.773738849353309
0.137262824
12.311248372616246
0.136220653
11.751588475221352
0.135863311
13.108475155468708
0.138604956
8.767268639226131
0.137191915
5.861253923970663
0.140129492
4.017499232242322
0.135200874
11.750837879456723
0.136035451
404.wcsp.uai 404.wcsp.uai.evid 1 0 3 100 0
-122.18891607523821
0.117129898
-101.23215303112471
0.118841968
-83.31457913161668
0.11491167
-73.48259226672923
0.114095754
-81.89141621565416
0.116790283
-73.29769515276463
0.116402618
-65.45511725213618
0.115216764
-61.64614666755219
0.114717138
-102.41794002022458
0.116896179
-97.85450405344375
0.117311367
grid16_5.uai grid16_5.uai.evid 1 0 3 100 0
181.26350407498236
0.273992432
180.28244361723762
0.280770273
177.77983156707376
0.270019682
179.2061922452959
0.269708057
177.4702224783697
0.265958295
181.5020888370891
0.277095619
179.9184959235946
0.284207944
182.94445217661084
0.284013877
181.84943428680313
0.270447
180.08146635047007
0.273658415
grid18_10.uai grid18_10.uai.evid 1 0 3 100 0
292.3390494499039
0.387863798
292.74559599159625
0.412587592
293.3315263414906
0.380155747
294.0631047383499
0.374520376
295.4980558143448
0.367014321
310.0135487503269
0.367192059
295.89310830313235
0.367568528
300.8984803787536
0.37209362
296.6972168293629
0.405221956
298.4109237244218
0.380726282
2_17_s.binary.uai 2_17_s.binary.uai.evid 1 0 3 100 1
-79.2933482834519
0.254447769
-85.99723748253527
0.253588001
-73.98814623884893
0.246681871
-77.4093202197477
0.247926038
-75.57671008560747
0.254339073
-77.7170931483202
0.246324996
-71.79545422484574
0.250019709
-82.27603723264565
0.243608541
-86.47505407511012
0.241065626
-73.35393726468467
0.250908401
2_28_s.binary.uai 2_28_s.binary.uai.evid 1 0 3 100 1
-104.36176192142037
0.215870662
-95.14887399704834
0.209634433
-94.59350664212255
0.210317396
-97.37676479779077
0.202343438
-97.41257462770962
0.201353982
-97.53709059778535
0.204237445
-94.58892679844583
0.204182398
-98.38383734891217
0.203159354
-92.62499156758649
0.202714309
-100.13327052806359
0.201339054
17_4_s.binary.uai 17_4_s.binary.uai.evid 1 0 3 100 1
-91.85939900836853
0.232351793
-90.34432544194848
0.235990993
-92.830890571335
0.233602024
-92.18026761269994
0.234467856
-88.00565625437976
0.233919714
-88.69747260308804
0.232152129
-88.18775787683182
0.236106686
-92.54936137284402
0.231939403
-88.43602787797124
0.234165095
-87.83040755038947
0.235458711
54.wcsp.uai 54.wcsp.uai.evid 1 0 3 100 1
0.8198772642553629
0.140968734
12.18467022275788
0.13975069
12.228843586731584
0.141954457
12.361390122213995
0.141471158
12.529199983475472
0.139154965
9.036569170009075
0.13898609
13.224722258461219
0.138762635
9.512654093446757
0.137298277
9.177698497057937
0.140524622
8.916489171469854
0.139870583
404.wcsp.uai 404.wcsp.uai.evid 1 0 3 100 1
-82.56462312112747
0.119556653
-122.95305267837239
0.119663015
-65.49895633263503
0.122180273
-130.70694783806445
0.12961262
-114.04162523179994
0.124569709
-62.732437612674204
0.123245302
-71.65161134563132
0.124731118
-113.35215674645202
0.125384691
-56.83733467490741
0.125431808
-110.70622377314655
0.123213114
grid16_5.uai grid16_5.uai.evid 1 0 3 100 1
176.70364048363143
0.283907515
173.60314164262098
0.274700119
178.08297969571166
0.291974306
180.0930698207003
0.28506911
179.75668230267124
0.279890912
183.85697603546419
0.278053352
177.50704136920035
0.277196383
174.9911463552506
0.274343244
178.9858408590925
0.275065392
176.51129526196453
0.277814036
grid18_10.uai grid18_10.uai.evid 1 0 3 100 1
290.8343890329713
0.38439907
295.0011394317036
0.397506441
294.99780772679816
0.399390652
294.7334644370934
0.373587367
296.1465437760748
0.374045007
294.0809331225614
0.377345058
294.83318463892743
0.385565797
290.4535003961197
0.39965376
294.651297977581
0.396960165
289.5344389634391
0.394481627
2_17_s.binary.uai 2_17_s.binary.uai.evid 1 0 3 1000 0
-76.85813662937863
2.148405279
-76.93694250311106
2.060811633
-71.2913476553262
2.046721805
-77.17899874784753
2.009234919
-74.58921037504881
2.145234915
-71.30381170033779
2.127670095
-67.86655951513731
2.114061699
-71.13492137921064
2.099394804
-78.50684066192181
2.17540748
-71.7857767987486
2.034991554
2_28_s.binary.uai 2_28_s.binary.uai.evid 1 0 3 1000 0
-94.06309414162199
1.600017354
-86.0457172205036
1.592155824
-84.34668330542046
1.586762101
-94.48557653091093
1.59017458
-88.51464083535681
1.606165414
-96.41735542738967
1.600573427
-90.6231736780779
1.611738274
-87.58464216329097
1.593373867
-87.28182604698483
1.611557737
-94.01201126377491
1.607994111
17_4_s.binary.uai 17_4_s.binary.uai.evid 1 0 3 1000 0
-80.69644238095864
1.916798026
-76.35068082734115
1.924462226
-83.47556060555125
1.94582299
-79.3970588489478
1.934840547
-76.0784951828068
1.923979394
-78.62606798723131
1.923729814
-80.97180914046051
1.923974262
-85.3124182220228
1.931357625
-82.74998788318264
1.914957201
-82.21604481061723
1.919875556
54.wcsp.uai 54.wcsp.uai.evid 1 0 3 1000 0
15.897380687208848
1.131268244
17.061087111599488
1.133558779
14.951662726518805
1.121985741
17.655758452032657
1.120446743
13.25060894377139
1.118784589
15.06191751383771
1.115155651
15.841225783796602
1.1157817
13.933109728065553
1.114423239
12.696818596609923
1.128149196
13.360751612798001
1.119794104
404.wcsp.uai 404.wcsp.uai.evid 1 0 3 1000 0
-52.40411946058546
0.856514009
-47.698540416908585
0.860787655
-53.94530374748702
0.857409697
-66.44329875768997
0.861838689
-63.66654284840797
0.856083892
-39.64973946460533
0.857511862
-31.748077587274178
0.859773942
-58.84410439949643
0.860108425
-70.15433101374869
0.861194913
-26.566482715898037
0.861276085
grid16_5.uai grid16_5.uai.evid 1 0 3 1000 0
180.59900581520196
2.322699213
181.0323893773836
2.301578697
182.12571560509463
2.304476155
180.30920614570135
2.308129817
184.66509227834587
2.307264452
182.28503033053346
2.306669192
180.72404937457236
2.304236839
181.81772020057048
2.302904502
181.82666726075846
2.306348704
179.2943066369039
2.305868204
grid18_10.uai grid18_10.uai.evid 1 0 3 1000 0
297.96529471507324
3.30372555
303.6929703682468
3.379826862
305.2858908758163
3.437135047
301.05614402667146
3.342800415
299.44643729003513
3.299906745
304.8760763639143
3.331282892
304.88385275797464
3.328153114
305.98223173989044
3.335936739
304.5423280222014
3.289464514
301.77287260299556
3.297321379
2_17_s.binary.uai 2_17_s.binary.uai.evid 1 0 3 1000 1
-67.06312342539911
2.089691981
-70.93659977248733
2.087353395
-65.69701612982868
2.040008341
-62.09850654167242
2.066958761
-71.05200987596197
2.059450374
-70.54573080886318
2.044072993
-69.21348516046456
2.064400917
-72.17713694167927
2.033336396
-77.6867851662336
2.040227131
-78.03547843456246
2.057097327
2_28_s.binary.uai 2_28_s.binary.uai.evid 1 0 3 1000 1
-93.212190699884
1.656003467
-92.52960136341666
1.654898318
-92.61898460638665
1.646834792
-91.70397044017628
1.643649967
-91.26862784318936
1.649870335
-92.83468694127193
1.647110029
-95.50139825795758
1.653813229
-83.91798380328261
1.659601149
-95.18058818733161
1.691295916
-82.92069554590257
1.664140702
17_4_s.binary.uai 17_4_s.binary.uai.evid 1 0 3 1000 1
-82.10314164595039
1.978004323
-85.65350333678053
1.970126465
-85.85858660611851
1.958712037
-80.39142255805682
1.970223964
-84.68402409728351
1.960643832
-82.40583298581616
1.965242631
-85.29661209786823
1.959163614
-80.78326042918837
1.958234337
-78.90510921379003
1.963207739
-79.60867937909045
1.959641314
54.wcsp.uai 54.wcsp.uai.evid 1 0 3 1000 1
11.47915209880728
1.130859585
11.93126065654576
1.133149655
13.243534488480858
1.13319444
12.193049146388594
1.131322357
11.737828642849358
1.161946032
16.572279640674278
1.132642565
11.944398147511698
1.158920751
7.559118181642697
1.129856135
15.021460456049585
1.130310977
8.23074602998071
1.134399887
404.wcsp.uai 404.wcsp.uai.evid 1 0 3 1000 1
-83.51512683557274
0.897733396
-69.65394282231253
0.901067035
-61.87364671797899
0.898196635
-78.34412407057857
0.899783216
-43.4428547249199
0.905816982
-50.32861301761665
0.925696596
-30.507932334270293
0.910824906
-77.824475129079
0.914614786
-70.94763356062403
0.907788429
-30.564352627750043
0.895378015
grid16_5.uai grid16_5.uai.evid 1 0 3 1000 1
177.87392639040894
2.364490066
175.03177682574443
2.400253219
178.30999913926598
2.406036473
177.24965587465996
2.379734027
181.90666853173147
2.349710744
178.6183669202126
2.357780335
178.88526381930208
2.364860004
174.70455373661142
2.359033832
179.0193246185301
2.359855812
175.04914595937527
2.354392581
grid18_10.uai grid18_10.uai.evid 1 0 3 1000 1
300.62792940868525
3.435384257
299.4859251652586
3.457710686
295.00719008092256
3.459214696
294.1475035279294
3.635572911
291.1383688810056
3.429915428
306.35708111548405
3.408489352
296.7584465090112
3.369121055
297.7903349328282
3.369574497
294.2716452281963
3.409964905
295.79032160642544
3.418772973
2_17_s.binary.uai 2_17_s.binary.uai.evid 1 0 3 10000 0
-67.27473828796815
19.605416208
-66.37152087240456
19.902619095
-59.97547661669906
21.585222637
-56.63124143965874
20.784053764
-71.5178657189682
20.705741688
-67.26333998524305
20.777403745
-69.1167328284555
20.744641615
-70.1234969467185
20.491755236
-69.12636734899664
20.839688133
